1.562852 0.000000 0.000000 0.000000 0.000000 0.860466 0.758619 0.506113 0.550683 0.198199 0.273258 0.843544 0.276736 0.494469 0.730285
0.014924 0.000000 2.098269 0.995472 0.000000 0.000000 0.395080 0.394915 0.981579 0.732078 0.000000 0.369268 0.556002 0.000000 0.357642
0.088475 1.972050 0.000000 0.000000 0.971458 0.860466 0.758619 0.000000 0.550683 0.000000 0.273258 0.843544 0.276736 0.451690 0.730285
0.010458 0.005399 1.654761 0.995472 0.303381 0.852618 0.395080 0.394915 0.981579 0.732078 0.844010 0.369268 0.556002 0.752583 0.357642
1.060288 1.369372 0.000000 0.000000 0.580554 0.317620 0.788565 0.538792 0.301957 0.358502 0.270742 0.455279 0.506006 0.000000 0.000000
0.001230 0.027420 1.581477 0.988952 0.971458 0.860466 0.758619 0.371170 0.550683 0.198199 0.273258 0.843544 0.276736 0.451690 0.730285
0.006883 2.205560 0.000000 0.000000 0.998013 0.975626 0.756636 0.690693 0.000000 0.277224 0.398997 0.000000 0.662735 0.143181 0.904341
1.191669 0.000000 1.103591 0.475582 0.000000 0.366585 0.614567 0.583735 0.271909 0.849937 0.290305 0.791746 0.000000 0.580376 0.338067
0.042629 2.160149 0.000000 0.000000 0.987439 0.845691 0.758619 0.000000 0.550683 0.000000 0.273258 0.843544 0.276736 0.451690 0.000000
0.161194 0.000000 1.922241 0.946739 0.000000 0.346420 0.603791 0.000000 0.542489 0.219229 0.000000 0.000000 0.267309 0.500240 0.599226
0.027935 0.622655 1.408296 0.734743 0.971458 0.860466 0.758619 0.371170 0.550683 0.198199 0.273258 0.774624 0.274627 0.451690 0.730285
0.310550 0.001670 1.896886 0.896690 0.003423 0.673409 0.810058 0.383631 0.818991 0.376537 0.151360 0.051624 0.973475 0.591163 0.167868
1.401199 0.104257 0.811306 0.333363 0.047281 0.371251 0.059725 0.199311 0.307937 0.517531 0.143390 0.615915 0.661700 0.360692 0.186483
1.170036 0.062621 0.982335 0.444174 0.034040 0.540577 0.478719 0.041215 0.607178 0.229416 0.434628 0.718069 0.639250 0.152125 0.698731
0.463173 0.384118 1.354576 0.733870 0.440772 0.359044 0.729857 0.287866 0.977558 0.220945 0.538486 0.589859 0.403727 0.584198 0.680723
1.003048 1.538123 0.000000 0.000000 0.632118 0.634280 0.576639 0.544440 0.000000 0.154010 0.601904 0.761067 0.740809 0.938636 0.165691
0.200069 0.998594 0.846903 0.441621 0.874119 0.388824 0.332143 0.209672 0.555498 0.371386 0.683743 0.538737 0.430840 0.125916 0.488672
0.400763 1.580803 0.247382 0.095840 0.841935 0.464175 0.684946 0.699955 0.455270 0.997469 0.333704 0.424816 0.028758 0.755077 0.436115
0.324523 1.832877 0.739915 0.240869 0.888438 0.133011 0.613162 0.026548 0.365010 0.977442 0.599075 0.165580 0.793002 0.913645 0.581448
0.328626 0.948550 0.929666 0.475582 0.787681 0.366585 0.614567 0.583735 0.271909 0.849937 0.290305 0.791746 0.512898 0.482006 0.338067
0.607667 0.002689 1.583246 0.766694 0.002817 0.842099 0.765195 0.409326 0.550683 0.198199 0.273258 0.000000 0.276736 0.451690 0.730285
0.331203 1.653118 0.000000 0.000000 0.874119 0.388824 0.332143 0.209672 0.555498 0.371386 0.683743 0.538737 0.420883 0.000000 0.000000
0.738263 0.953474 0.861744 0.395003 0.580554 0.317620 0.788565 0.538792 0.301957 0.358502 0.270742 0.455279 0.506006 0.959786 0.697141
0.537122 1.550353 0.000000 0.000000 0.787681 0.366585 0.131609 0.583735 0.271909 0.849937 0.330758 0.000000 0.512898 0.473087 0.338067
0.155912 0.861175 1.244681 0.609864 0.885978 0.522859 0.628191 0.230087 0.591465 0.920574 0.777135 0.671426 0.779646 0.460001 0.746003
0.417210 0.019965 1.646413 0.841830 0.030441 0.541487 0.415857 0.588370 0.058648 0.649294 0.061482 0.735560 0.110739 0.546652 0.751776
1.167220 0.513993 0.824248 0.365263 0.264073 0.387505 0.698872 0.716025 0.131714 0.459416 0.668505 0.340607 0.653629 0.917329 0.675569
1.146603 0.000000 1.630708 0.609864 0.000000 0.522859 0.000000 0.236542 0.000000 0.920574 0.777135 0.671426 0.779646 0.458271 0.746003
0.749761 0.232794 1.417270 0.677962 0.191656 0.006326 0.650594 0.322690 0.781192 0.344876 0.290417 0.801672 0.688436 0.499129 0.279143
0.674744 0.856953 1.186616 0.526794 0.575377 0.522628 0.442168 0.224859 0.205489 0.898326 0.444980 0.442733 0.987595 0.700791 0.549078
1.229291 1.160332 0.447488 0.164747 0.481634 0.971485 0.469000 0.928687 0.590555 0.426115 0.451758 0.922940 0.677447 0.756190 0.277219
0.680198 1.429053 0.387914 0.153019 0.717184 0.688659 0.425798 0.667234 0.297823 0.517855 0.978712 0.644211 0.234886 0.366923 0.074203
1.145526 0.807752 0.586174 0.252161 0.390989 0.705101 0.123190 0.309129 0.280958 0.804484 0.647202 0.574213 0.293130 0.264397 0.319300
1.107616 0.487746 0.856968 0.392244 0.264073 0.456483 0.698872 0.647722 0.131714 0.459416 0.668505 0.340607 0.653629 0.917329 0.675569
0.030262 0.128315 1.572137 0.946739 0.852555 0.346420 0.603791 0.374270 0.542489 0.219229 0.928462 0.946407 0.267309 0.500240 0.599226
1.503394 1.246791 0.000000 0.000000 0.440772 0.000000 0.729857 0.287866 0.977558 0.220945 0.539082 0.589859 0.000000 0.584198 0.680723
0.025402 0.566203 1.476683 0.766694 0.971458 0.860466 0.758619 0.371170 0.550683 0.198199 0.273258 0.843544 0.276736 0.451690 0.730285
0.037597 0.559577 1.461223 0.766694 0.957291 0.860466 0.758619 0.506113 0.550683 0.198199 0.273258 0.843544 0.276736 0.451690 0.730285
0.010356 0.010867 1.820477 0.994751 0.515312 0.060376 0.301111 0.794086 0.422045 0.512707 0.903563 0.865231 0.932525 0.591698 0.556961
1.323974 0.863854 0.289971 0.115488 0.368036 0.366137 0.114495 0.432102 0.800085 0.255874 0.641780 0.700937 0.680519 0.572547 0.066266
0.650408 0.000000 1.694587 0.766694 0.000000 0.860466 0.758619 0.000000 0.550683 0.198199 0.273258 0.843544 0.276736 0.451690 0.730285
0.804195 0.000000 1.817069 0.734743 0.000000 0.860466 0.782710 0.000000 0.550683 0.000000 0.273258 0.843544 0.276736 0.451690 0.730285
0.328626 0.948550 0.929666 0.475582 0.787681 0.366585 0.614567 0.583735 0.271909 0.849937 0.290305 0.791746 0.512898 0.482006 0.338067
1.562852 0.000000 0.000000 0.000000 0.000000 0.860466 0.758619 0.506113 0.550683 0.198199 0.273258 0.843544 0.276736 0.494469 0.730285
0.736234 0.000000 1.918201 0.766694 0.000000 0.860466 0.758619 0.506113 0.550683 0.000000 0.000000 0.000000 0.276736 0.451690 0.730285
1.146603 0.000000 1.630708 0.609864 0.000000 0.522859 0.000000 0.236542 0.000000 0.920574 0.777135 0.671426 0.779646 0.458271 0.746003
1.167220 0.513993 0.824248 0.365263 0.264073 0.387505 0.698872 0.716025 0.131714 0.459416 0.668505 0.340607 0.653629 0.917329 0.675569
0.200069 0.998594 0.846903 0.441621 0.874119 0.388824 0.332143 0.209672 0.555498 0.371386 0.683743 0.538737 0.430840 0.125916 0.488672
0.027935 0.622655 1.408296 0.734743 0.971458 0.860466 0.758619 0.371170 0.550683 0.198199 0.273258 0.774624 0.274627 0.451690 0.730285
0.014924 0.000000 2.098269 0.995472 0.000000 0.000000 0.395080 0.394915 0.981579 0.732078 0.000000 0.369268 0.556002 0.000000 0.357642
1.003048 1.538123 0.000000 0.000000 0.632118 0.634280 0.576639 0.544440 0.000000 0.154010 0.601904 0.761067 0.740809 0.938636 0.165691
1.503394 1.246791 0.000000 0.000000 0.440772 0.000000 0.729857 0.287866 0.977558 0.220945 0.539082 0.589859 0.000000 0.584198 0.680723
1.191669 0.000000 1.103591 0.475582 0.000000 0.366585 0.614567 0.583735 0.271909 0.849937 0.290305 0.791746 0.000000 0.580376 0.338067
0.088475 1.972050 0.000000 0.000000 0.971458 0.860466 0.758619 0.000000 0.550683 0.000000 0.273258 0.843544 0.276736 0.451690 0.730285
0.025402 0.566203 1.476683 0.766694 0.971458 0.860466 0.758619 0.371170 0.550683 0.198199 0.273258 0.843544 0.276736 0.451690 0.730285
0.749761 0.232794 1.417270 0.677962 0.191656 0.006326 0.650594 0.322690 0.781192 0.344876 0.290417 0.801672 0.688436 0.499129 0.279143
0.738263 0.953474 0.861744 0.395003 0.580554 0.317620 0.788565 0.538792 0.301957 0.358502 0.270742 0.455279 0.506006 0.959786 0.697141
0.010458 0.005399 1.654761 0.995472 0.303381 0.852618 0.395080 0.394915 0.981579 0.732078 0.844010 0.369268 0.556002 0.752583 0.357642
0.161194 0.000000 1.922241 0.946739 0.000000 0.346420 0.603791 0.000000 0.542489 0.219229 0.000000 0.000000 0.267309 0.500240 0.599226
1.060288 1.369372 0.000000 0.000000 0.580554 0.317620 0.788565 0.538792 0.301957 0.358502 0.270742 0.455279 0.506006 0.000000 0.000000
1.323974 0.863854 0.289971 0.115488 0.368036 0.366137 0.114495 0.432102 0.800085 0.255874 0.641780 0.700937 0.680519 0.572547 0.066266
1.170036 0.062621 0.982335 0.444174 0.034040 0.540577 0.478719 0.041215 0.607178 0.229416 0.434628 0.718069 0.639250 0.152125 0.698731
1.145526 0.807752 0.586174 0.252161 0.390989 0.705101 0.123190 0.309129 0.280958 0.804484 0.647202 0.574213 0.293130 0.264397 0.319300
1.229291 1.160332 0.447488 0.164747 0.481634 0.971485 0.469000 0.928687 0.590555 0.426115 0.451758 0.922940 0.677447 0.756190 0.277219
0.607667 0.002689 1.583246 0.766694 0.002817 0.842099 0.765195 0.409326 0.550683 0.198199 0.273258 0.000000 0.276736 0.451690 0.730285
1.739080 0.000000 1.123927 0.365263 0.000000 0.387505 0.698872 0.000000 0.000000 0.379776 0.000000 0.340607 0.653629 0.917329 0.675569
2.543519 0.000000 0.000000 0.000000 0.000000 0.346420 0.000000 0.000000 0.046192 0.000000 0.000000 0.000000 0.267309 0.500240 0.599226
0.014924 0.000000 2.098269 0.995472 0.000000 0.000000 0.395080 0.394915 0.981579 0.732078 0.000000 0.369268 0.556002 0.000000 0.357642
0.331203 1.653118 0.000000 0.000000 0.874119 0.388824 0.332143 0.209672 0.555498 0.371386 0.683743 0.538737 0.420883 0.000000 0.000000
0.738263 0.953474 0.861744 0.395003 0.580554 0.317620 0.788565 0.538792 0.301957 0.358502 0.270742 0.455279 0.506006 0.959786 0.697141
3.236868 0.000000 0.000000 0.000000 0.000000 0.000000 0.000000 0.000000 0.591465 0.000000 0.000000 0.000000 0.021980 0.000000 0.000000
1.562852 0.000000 0.000000 0.000000 0.000000 0.860466 0.758619 0.506113 0.550683 0.198199 0.273258 0.843544 0.276736 0.494469 0.730285
1.323974 0.863854 0.289971 0.115488 0.368036 0.366137 0.114495 0.432102 0.800085 0.255874 0.641780 0.700937 0.680519 0.572547 0.066266
1.562852 0.000000 0.000000 0.000000 0.000000 0.860466 0.758619 0.506113 0.550683 0.198199 0.273258 0.843544 0.276736 0.494469 0.730285
1.323974 0.863854 0.289971 0.115488 0.368036 0.366137 0.114495 0.432102 0.800085 0.255874 0.641780 0.700937 0.680519 0.572547 0.066266
1.323974 0.863854 0.289971 0.115488 0.368036 0.366137 0.114495 0.432102 0.800085 0.255874 0.641780 0.700937 0.680519 0.572547 0.066266
1.167220 0.513993 0.824248 0.365263 0.264073 0.387505 0.698872 0.716025 0.131714 0.459416 0.668505 0.340607 0.653629 0.917329 0.675569
1.167220 0.513993 0.824248 0.365263 0.264073 0.387505 0.698872 0.716025 0.131714 0.459416 0.668505 0.340607 0.653629 0.917329 0.675569
1.605035 0.000000 0.834810 0.305331 0.000000 0.388824 0.332143 0.209672 0.555498 0.000000 0.683743 0.538737 0.000000 0.125916 0.577765
0.155912 0.861175 1.244681 0.609864 0.885978 0.522859 0.628191 0.230087 0.591465 0.920574 0.777135 0.671426 0.779646 0.460001 0.746003
0.027935 0.622655 1.408296 0.734743 0.971458 0.860466 0.758619 0.371170 0.550683 0.198199 0.273258 0.774624 0.274627 0.451690 0.730285
0.037597 0.559577 1.461223 0.766694 0.957291 0.860466 0.758619 0.506113 0.550683 0.198199 0.273258 0.843544 0.276736 0.451690 0.730285
0.010356 0.010867 1.820477 0.994751 0.515312 0.060376 0.301111 0.794086 0.422045 0.512707 0.903563 0.865231 0.932525 0.591698 0.556961
0.027935 0.622655 1.408296 0.734743 0.971458 0.860466 0.758619 0.371170 0.550683 0.198199 0.273258 0.774624 0.274627 0.451690 0.730285
0.027935 0.622655 1.408296 0.734743 0.971458 0.860466 0.758619 0.371170 0.550683 0.198199 0.273258 0.774624 0.274627 0.451690 0.730285
0.463173 0.384118 1.354576 0.733870 0.440772 0.359044 0.729857 0.287866 0.977558 0.220945 0.538486 0.589859 0.403727 0.584198 0.680723
0.463173 0.384118 1.354576 0.733870 0.440772 0.359044 0.729857 0.287866 0.977558 0.220945 0.538486 0.589859 0.403727 0.584198 0.680723
0.030262 0.128315 1.572137 0.946739 0.852555 0.346420 0.603791 0.374270 0.542489 0.219229 0.928462 0.946407 0.267309 0.500240 0.599226
0.674744 0.856953 1.186616 0.526794 0.575377 0.522628 0.442168 0.224859 0.205489 0.898326 0.444980 0.442733 0.987595 0.700791 0.549078
0.025402 0.566203 1.476683 0.766694 0.971458 0.860466 0.758619 0.371170 0.550683 0.198199 0.273258 0.843544 0.276736 0.451690 0.730285
