0.005928 1.592322 0.000000 0.000000 0.997630 0.911143 0.515312 0.363507 0.138239 0.453936 0.433621 0.884444 0.761743 0.288702 0.422045
0.507855 1.341897 0.000000 0.000000 0.769670 0.101414 0.638593 0.439540 0.641124 0.765406 0.712819 0.566703 0.182311 0.392148 0.519824
1.195063 0.000000 0.000000 0.000000 0.000000 0.801470 0.340288 0.503643 0.670106 0.341776 0.458976 0.458570 0.371524 0.433777 0.519903
0.000151 0.000000 2.130171 0.999955 0.000000 0.383628 0.448423 0.840714 0.396759 0.130881 0.000000 0.000000 0.807248 0.000000 0.418925
0.000000 2.542270 0.000000 0.000000 1.000000 0.000000 0.000000 0.363507 0.000000 0.446379 0.315662 0.102894 0.010328 0.000000 0.201150
0.000001 1.091850 2.792026 0.762683 1.000000 0.000000 0.000000 0.000000 0.000000 0.446379 0.000000 0.000000 0.794086 0.005688 0.094763
0.000094 1.951387 0.000000 0.000000 0.999969 0.911143 0.515312 0.363507 0.000000 0.453936 0.000000 0.884444 0.761743 0.288702 0.479796
0.000000 0.000000 2.963847 1.000000 0.000000 0.071472 0.184786 0.074980 0.000000 0.037290 0.002488 0.000000 0.000000 0.033256 0.234029
0.000001 1.406145 2.477972 0.671410 1.000000 0.000000 0.147304 0.000000 0.000000 0.446379 0.000000 0.000000 0.794086 0.013774 0.114039
0.004357 0.000000 1.785205 0.998446 0.000000 0.458965 0.527671 0.840714 0.418677 0.095761 0.882180 0.010058 0.731139 0.280764 0.404825
0.372520 0.000000 1.344595 0.827940 0.000000 0.719181 0.410631 0.385091 0.764984 0.885612 0.326889 0.432603 0.309129 0.564700 0.321189
0.124217 0.329103 1.505599 0.853882 0.770238 0.101414 0.638593 0.439540 0.641124 0.776957 0.112199 0.566703 0.182311 0.392148 0.519824
0.000639 0.000000 2.030836 0.999800 0.000000 0.458965 0.448423 0.840714 0.427526 0.095761 0.000000 0.000000 0.681156 0.050162 0.418925
0.000000 0.000000 2.845902 1.000000 0.000000 0.000000 0.184786 0.074247 0.000000 0.675891 0.000000 0.000000 0.000000 0.714826 0.011954
1.124179 0.000000 1.215275 0.524777 0.000000 0.124836 0.717184 0.088456 0.583673 0.616029 0.425798 0.768412 0.667234 0.862427 0.297823
0.000003 2.016938 2.168978 0.523113 0.999999 0.000000 0.000000 0.565069 0.000000 0.000000 0.000000 0.000000 0.000000 0.310680 0.085554
0.000002 0.000000 2.777914 1.000000 0.000000 0.952172 0.000000 0.682528 0.000000 0.695613 0.000000 0.000000 0.000000 0.543287 0.000000
0.007164 0.868752 1.471095 0.660392 0.994751 0.911143 0.515312 0.363507 0.060376 0.453936 0.301111 0.884444 0.794086 0.288702 0.418163
0.000000 0.000000 2.875492 1.000000 0.000000 0.000000 0.000000 0.000000 0.000000 0.695613 0.000000 0.224003 0.000000 0.683924 0.023319
0.000768 0.004284 1.783110 0.998446 0.887061 0.458965 0.527671 0.840714 0.418677 0.095761 0.878918 0.010058 0.731139 0.280764 0.402808
0.000016 1.738379 1.869421 0.523113 0.999994 0.000000 0.000000 0.410528 0.000000 0.446379 0.000000 0.000000 0.794086 0.310680 0.088208
0.000367 0.000000 2.097826 0.999889 0.000000 0.458965 0.448423 0.840714 0.396759 0.095761 0.000000 0.000000 0.807248 0.050162 0.418925
0.070543 1.381059 1.036612 0.409509 0.967510 0.179269 0.647202 0.463536 0.574213 0.993200 0.226685 0.867650 0.264397 0.264193 0.319300
0.203052 0.928627 1.071017 0.537886 0.862955 0.299583 0.475541 0.294091 0.277065 0.962860 0.429523 0.464748 0.368752 0.625221 0.713991
0.000000 0.000000 2.823455 1.000000 0.011730 0.000000 0.000000 0.682528 0.000000 0.695613 0.000000 0.000000 0.000000 0.543287 0.000000
0.764121 1.148376 0.000000 0.000000 0.626228 0.885913 0.226564 0.465081 0.668410 0.312958 0.458976 0.487149 0.371524 0.231016 0.519903
0.924660 0.698331 0.820152 0.392121 0.411791 0.885913 0.182121 0.458567 0.665436 0.312958 0.476550 0.487149 0.371524 0.231016 0.626480
0.801911 0.739420 0.841896 0.418467 0.474203 0.885913 0.221791 0.465081 0.665436 0.312958 0.368200 0.528662 0.371524 0.270008 0.519903
1.158969 0.000000 0.611853 0.309232 0.000000 0.812801 0.257973 0.493599 0.665436 0.309847 0.474667 0.474002 0.371524 0.231016 0.519903
0.147966 0.392025 1.417927 0.817075 0.770238 0.101414 0.638593 0.439540 0.641124 0.795044 0.776908 0.514662 0.182311 0.392148 0.519824
0.495555 1.312933 0.130594 0.059073 0.770238 0.101414 0.638593 0.439540 0.641124 0.765406 0.712819 0.566703 0.225139 0.392148 0.519824
0.027081 0.763933 1.465030 0.693841 0.977442 0.163688 0.629561 0.676601 0.257974 0.518202 0.793002 0.910961 0.913645 0.498632 0.581448
0.000008 1.230926 2.276076 0.684389 0.999996 0.000000 0.000000 0.363507 0.000000 0.446379 0.332558 0.000000 0.695096 0.000000 0.000000
0.405878 1.279767 1.006424 0.409509 0.804484 0.179269 0.647202 0.463536 0.574213 0.993200 0.293130 0.867650 0.264397 0.307176 0.319300
0.000001 1.175131 2.604488 0.730171 1.000000 0.000000 0.147304 0.000000 0.000000 0.446379 0.000000 0.000000 0.794086 0.000000 0.121099
0.000534 0.004319 1.783110 0.998446 0.921742 0.458965 0.527671 0.840714 0.418677 0.095761 0.878918 0.010058 0.731139 0.280764 0.402808
0.943528 0.784318 0.647740 0.309232 0.441505 0.885913 0.191284 0.465081 0.665436 0.344963 0.474667 0.474002 0.371524 0.231016 0.519903
0.043278 1.220866 1.423104 0.548403 0.977442 0.185933 0.629561 0.867205 0.155690 0.518202 0.780442 0.000000 0.913645 0.498632 0.581448
0.004754 1.666294 0.000000 0.000000 0.998184 0.911143 0.515312 0.363507 0.047409 0.453936 0.433621 0.884444 0.761743 0.288702 0.422045
0.000010 1.100152 1.938737 0.671410 0.999994 0.000000 0.000000 0.363507 0.160631 0.446379 0.301111 0.000000 0.794086 0.288702 0.085554
0.007105 0.861606 1.474573 0.663345 0.994751 0.911143 0.515312 0.363507 0.060376 0.453936 0.301111 0.884444 0.794086 0.288702 0.422045
0.000000 2.652895 0.000000 0.000000 1.000000 0.000000 0.000000 0.363507 0.000000 0.446379 0.315662 0.187896 0.000000 0.000000 0.000000
0.000000 0.000000 2.911570 1.000000 0.000000 0.015900 0.000000 0.000000 0.000000 0.695613 0.148485 0.031769 0.000000 0.714826 0.000000
0.000082 1.698422 0.100392 0.037586 0.999969 0.911143 0.515312 0.363507 0.000000 0.453936 0.500014 0.884444 0.761743 0.288702 0.479796
0.684319 1.028445 0.652156 0.309232 0.626228 0.885913 0.194575 0.465081 0.665436 0.312958 0.458976 0.487149 0.371524 0.231016 0.519903
0.233717 0.000000 1.547723 0.904587 0.000000 0.507578 0.332142 0.742835 0.447712 0.454396 0.499433 0.940993 0.960139 0.593440 0.258505
0.000000 2.262950 0.000000 0.000000 1.000000 0.000000 0.000000 0.363507 0.000000 0.495867 0.315662 0.102894 0.737518 0.103891 0.201150
0.203826 0.000000 1.716747 0.924767 0.000000 0.426838 0.518517 0.049720 0.663497 0.777489 0.889830 0.630849 0.059196 0.652578 0.326946
0.673883 1.210159 0.731253 0.309232 0.676539 0.885913 0.000000 0.465081 0.665436 0.312958 0.458976 0.487149 0.371524 0.208350 0.519903
0.506658 1.342349 0.000000 0.000000 0.770238 0.101414 0.638593 0.439540 0.641124 0.765406 0.712819 0.566703 0.182311 0.392148 0.519824
0.000146 0.000035 2.479415 0.999961 0.151468 0.458965 0.000000 0.000000 0.396759 0.000000 0.000000 0.000000 0.807248 0.159269 0.418925
0.000006 0.000000 2.653345 0.999999 0.000000 0.952172 0.140349 0.682528 0.003933 0.695613 0.000000 0.000000 0.000000 0.543287 0.000000
0.163268 0.746680 1.274052 0.655999 0.862955 0.152635 0.475541 0.306625 0.277065 0.962860 0.429523 0.464748 0.368752 0.625221 0.654990
0.505118 1.338269 0.111778 0.049647 0.770238 0.101414 0.638593 0.439540 0.641124 0.765406 0.712819 0.566703 0.182311 0.392148 0.519824
0.912867 0.841729 0.655532 0.309232 0.474203 0.885913 0.182121 0.465081 0.665436 0.312958 0.474667 0.474002 0.371524 0.231016 0.519903
0.172995 0.696573 1.333359 0.685632 0.845030 0.523236 0.884098 0.191724 0.582585 0.673264 0.342811 0.298185 0.141154 0.427801 0.686802
0.000000 0.000000 2.823455 1.000000 0.000000 0.000000 0.000000 0.682528 0.000000 0.695613 0.000000 0.000000 0.000000 0.543287 0.000000
1.011656 0.932820 0.000000 0.000000 0.474203 0.885913 0.182121 0.450009 0.604576 0.312958 0.483316 0.474002 0.436882 0.231016 0.519903
0.960142 0.885320 0.551614 0.254417 0.474203 0.885913 0.161400 0.465081 0.665436 0.312958 0.474667 0.474002 0.371524 0.231016 0.519903
0.340017 0.142194 1.330272 0.827940 0.252161 0.719181 0.390989 0.385091 0.681970 0.914462 0.341162 0.432603 0.309129 0.564700 0.321189
0.137655 0.190530 1.556576 0.904587 0.601694 0.507578 0.332142 0.742835 0.447712 0.454396 0.499433 0.940993 0.986218 0.593440 0.293621
0.529340 1.328875 0.111778 0.049647 0.758675 0.101414 0.638593 0.439540 0.641124 0.765406 0.712819 0.566703 0.182311 0.392148 0.519824
1.124179 0.000000 1.215275 0.524777 0.000000 0.124836 0.717184 0.088456 0.583673 0.616029 0.425798 0.768412 0.667234 0.862427 0.297823
0.372520 0.000000 1.344595 0.827940 0.000000 0.719181 0.410631 0.385091 0.764984 0.885612 0.326889 0.432603 0.309129 0.564700 0.321189
0.684319 1.028445 0.652156 0.309232 0.626228 0.885913 0.194575 0.465081 0.665436 0.312958 0.458976 0.487149 0.371524 0.231016 0.519903
1.124179 0.000000 1.215275 0.524777 0.000000 0.124836 0.717184 0.088456 0.583673 0.616029 0.425798 0.768412 0.667234 0.862427 0.297823
1.195063 0.000000 0.000000 0.000000 0.000000 0.801470 0.340288 0.503643 0.670106 0.341776 0.458976 0.458570 0.371524 0.433777 0.519903
1.195063 0.000000 0.000000 0.000000 0.000000 0.801470 0.340288 0.503643 0.670106 0.341776 0.458976 0.458570 0.371524 0.433777 0.519903
0.912867 0.841729 0.655532 0.309232 0.474203 0.885913 0.182121 0.465081 0.665436 0.312958 0.474667 0.474002 0.371524 0.231016 0.519903
0.506658 1.342349 0.000000 0.000000 0.770238 0.101414 0.638593 0.439540 0.641124 0.765406 0.712819 0.566703 0.182311 0.392148 0.519824
0.124217 0.329103 1.505599 0.853882 0.770238 0.101414 0.638593 0.439540 0.641124 0.776957 0.112199 0.566703 0.182311 0.392148 0.519824
0.000768 0.004284 1.783110 0.998446 0.887061 0.458965 0.527671 0.840714 0.418677 0.095761 0.878918 0.010058 0.731139 0.280764 0.402808
0.000768 0.004284 1.783110 0.998446 0.887061 0.458965 0.527671 0.840714 0.418677 0.095761 0.878918 0.010058 0.731139 0.280764 0.402808
0.000001 1.091850 2.792026 0.762683 1.000000 0.000000 0.000000 0.000000 0.000000 0.446379 0.000000 0.000000 0.794086 0.005688 0.094763
0.000001 1.091850 2.792026 0.762683 1.000000 0.000000 0.000000 0.000000 0.000000 0.446379 0.000000 0.000000 0.794086 0.005688 0.094763
0.000003 2.016938 2.168978 0.523113 0.999999 0.000000 0.000000 0.565069 0.000000 0.000000 0.000000 0.000000 0.000000 0.310680 0.085554
0.000003 2.016938 2.168978 0.523113 0.999999 0.000000 0.000000 0.565069 0.000000 0.000000 0.000000 0.000000 0.000000 0.310680 0.085554
0.000094 1.951387 0.000000 0.000000 0.999969 0.911143 0.515312 0.363507 0.000000 0.453936 0.000000 0.884444 0.761743 0.288702 0.479796
0.000000 2.542270 0.000000 0.000000 1.000000 0.000000 0.000000 0.363507 0.000000 0.446379 0.315662 0.102894 0.010328 0.000000 0.201150
0.000000 2.542270 0.000000 0.000000 1.000000 0.000000 0.000000 0.363507 0.000000 0.446379 0.315662 0.102894 0.010328 0.000000 0.201150
0.004754 1.666294 0.000000 0.000000 0.998184 0.911143 0.515312 0.363507 0.047409 0.453936 0.433621 0.884444 0.761743 0.288702 0.422045
0.000000 3.271012 0.000000 0.000000 1.000000 0.000000 0.000000 0.000000 0.000000 0.000000 0.000000 0.073737 0.000000 0.000000 0.201150
0.004754 1.666294 0.000000 0.000000 0.998184 0.911143 0.515312 0.363507 0.047409 0.453936 0.433621 0.884444 0.761743 0.288702 0.422045
0.007164 0.868752 1.471095 0.660392 0.994751 0.911143 0.515312 0.363507 0.060376 0.453936 0.301111 0.884444 0.794086 0.288702 0.418163
0.007164 0.868752 1.471095 0.660392 0.994751 0.911143 0.515312 0.363507 0.060376 0.453936 0.301111 0.884444 0.794086 0.288702 0.418163
