1.902347 0.000000 0.000000 0.000000 0.000000 0.179269 0.601585 0.463536 0.574213 0.993200 0.293130 0.867650 0.264397 0.264193 0.000000
0.020868 2.530746 0.000000 0.000000 0.994751 0.000000 0.515312 0.363507 0.060376 0.344914 0.000000 0.000000 0.000000 0.288702 0.000000
1.228938 1.554420 0.000000 0.000000 0.574109 0.360789 0.471012 0.814193 0.000000 0.404221 0.528868 0.000000 0.096429 0.138060 0.742338
1.606845 0.000000 1.465276 0.470684 0.000000 0.662321 0.000000 0.982361 0.331628 0.000000 0.645817 0.269806 0.696782 0.067498 0.795332
0.009326 2.620418 0.000000 0.000000 0.997734 0.109877 0.000000 0.338415 0.076739 0.047259 0.581889 0.000000 0.000000 0.273509 0.000000
0.005501 0.000000 2.253891 0.998446 0.000000 0.458965 0.000000 0.851943 0.000000 0.178297 0.878918 0.000000 0.731139 0.280764 0.327406
0.084497 2.383635 0.000000 0.000000 0.977442 0.163688 0.599075 0.000000 0.000000 0.425333 0.000000 0.000000 0.000000 0.498632 0.581448
0.148390 0.393148 1.421988 0.817075 0.770238 0.101414 0.638593 0.439540 0.641124 0.795044 0.776908 0.566703 0.182311 0.392148 0.519824
0.002069 0.000194 2.308681 0.999427 0.059498 0.952172 0.012525 0.682528 0.849433 0.695613 0.736319 0.912321 0.036310 0.636481 0.038031
0.006674 1.875144 0.321556 0.108117 0.997734 0.109877 0.274285 0.338415 0.076739 0.065192 0.581889 0.276089 0.350376 0.273509 0.082223
1.031989 0.000000 1.793570 0.667607 0.000000 0.898225 0.355470 0.692698 0.214919 0.676116 0.384139 0.554215 0.000000 0.000000 0.026694
0.002701 0.000000 3.000793 0.999427 0.000000 0.000000 0.012525 0.072466 0.849433 0.695613 0.000000 0.912321 0.000000 0.000000 0.000000
0.284948 2.336666 0.000000 0.000000 0.922748 0.706528 0.715781 0.000000 0.771790 0.187225 0.476721 0.000000 0.195827 0.000000 0.000000
1.677097 0.710817 0.000000 0.000000 0.255212 0.502480 0.000000 0.537929 0.955096 0.329580 0.662735 0.543752 0.143181 0.378733 0.904341
1.191825 0.491604 1.156913 0.465597 0.249058 0.954567 0.947859 0.238817 0.622095 0.779954 0.336231 0.525829 0.805558 0.295216 0.526809
1.547806 0.615265 0.651114 0.237237 0.240869 0.615054 0.888438 0.568743 0.133011 0.564116 0.613162 0.063246 0.026548 0.313522 0.365010
0.495767 0.131239 1.515256 0.792238 0.164747 0.198803 0.481634 0.428680 0.971485 0.276411 0.469000 0.306908 0.928687 0.532220 0.590555
1.262814 1.527157 0.000000 0.000000 0.560138 0.779506 0.682102 0.874513 0.072945 0.868301 0.217843 0.344440 0.262052 0.000000 0.540553
0.000211 0.004008 2.725792 0.999063 0.966531 0.000000 0.000000 0.000000 0.000000 0.095761 0.878918 0.174522 0.731139 0.000000 0.402808
1.221333 0.168934 1.348191 0.528402 0.087501 0.596971 0.436334 0.972880 0.818777 0.898175 0.315499 0.647774 0.293965 0.641329 0.959817
1.609003 0.395209 1.089259 0.370248 0.153333 0.269634 0.966615 0.318873 0.932970 0.521131 0.114317 0.477913 0.051310 0.838722 0.661272
0.378141 0.158137 1.479427 0.827940 0.252161 0.736705 0.390989 0.385091 0.764984 0.885612 0.123190 0.432603 0.309129 0.564700 0.280958
0.153557 1.831162 0.066039 0.022869 0.946739 0.844460 0.852555 0.929630 0.346420 0.667411 0.603791 0.834021 0.374270 0.031303 0.542489
0.590204 1.169116 1.195952 0.471132 0.702378 0.428450 0.767660 0.118906 0.302596 0.977307 0.691266 0.587247 0.086952 0.376799 0.265944
1.225683 1.482253 0.081255 0.026879 0.560138 0.779506 0.682102 0.874513 0.072945 0.868301 0.217843 0.344440 0.333002 0.971359 0.540553
0.354032 0.233661 1.550598 0.830003 0.371386 0.211759 0.683743 0.322149 0.538737 0.583470 0.430840 0.878172 0.125916 0.903441 0.488672
0.172995 0.696573 1.333359 0.685632 0.845030 0.523236 0.884098 0.191724 0.582585 0.673264 0.342811 0.298185 0.141154 0.427801 0.686802
1.738139 0.000000 1.302935 0.409509 0.000000 0.000000 0.647202 0.463536 0.574213 0.000000 0.000000 0.000000 0.264397 0.264193 0.319300
0.499122 2.009737 0.000000 0.000000 0.845030 0.523236 0.000000 0.191724 0.582585 0.673264 0.342811 0.000000 0.141154 0.000000 0.686802
0.568782 0.000000 2.079152 0.830003 0.000000 0.211759 0.000000 0.019949 0.538737 0.583470 0.430840 0.000000 0.092726 0.903441 0.488672
1.831789 0.417122 0.000000 0.000000 0.142536 0.740837 0.681386 0.898729 0.737212 0.265425 0.648740 0.789706 0.388879 0.000000 0.113870
0.204482 0.041448 1.757296 0.924767 0.127315 0.426838 0.518517 0.049720 0.663497 0.777489 0.889830 0.630849 0.059196 0.652578 0.233951
1.581865 0.000000 1.695444 0.522054 0.000000 0.000000 0.360151 0.931186 0.100210 0.741973 0.738187 0.000000 0.397133 0.000000 0.778607
0.113028 1.538487 1.394538 0.467928 0.953313 0.603051 0.179800 0.648431 0.953216 0.926133 0.188928 0.251304 0.897773 0.014024 0.434071
1.314316 0.630995 0.872457 0.343301 0.284949 0.259053 0.601221 0.203598 0.509490 0.108811 0.781276 0.499703 0.825943 0.799893 0.838352
0.711032 0.340480 1.370129 0.667607 0.284307 0.898225 0.355470 0.692698 0.214919 0.676116 0.384139 0.554215 0.396185 0.473727 0.026694
0.709178 0.502163 1.393829 0.645100 0.392244 0.696821 0.264073 0.786515 0.456483 0.640330 0.698872 0.076201 0.647722 0.239562 0.131714
0.573834 1.545658 0.812266 0.291417 0.773692 0.308474 0.650657 0.498823 0.182729 0.258753 0.086050 0.581947 0.102729 0.297124 0.992616
1.630978 0.029241 0.071924 0.028051 0.011412 0.740837 0.681386 0.898729 0.737212 0.265425 0.648740 0.789706 0.388879 0.597453 0.120865
1.369681 0.637242 0.467793 0.191174 0.277224 0.502480 0.398997 0.537929 0.955096 0.329580 0.662735 0.540402 0.143181 0.378733 0.904341
0.182843 1.499369 1.159195 0.416710 0.922748 0.706528 0.715781 0.868668 0.771790 0.187225 0.476721 0.639654 0.195827 0.001539 0.882304
1.089057 0.000000 1.746857 0.645100 0.000000 0.696821 0.264073 0.000000 0.000000 0.640330 0.698872 0.076201 0.647722 0.239562 0.131714
1.839798 0.000000 1.302210 0.392121 0.000000 0.885913 0.000000 0.458567 0.000000 0.000000 0.476550 0.000000 0.371524 0.231016 0.618181
0.962177 1.108650 0.756504 0.302935 0.544954 0.606523 0.768778 0.506183 0.432278 0.583746 0.399065 0.120157 0.937205 0.042829 0.539634
0.000304 0.005781 2.371841 0.998446 0.966531 0.000000 0.527671 0.000000 0.394266 0.095761 0.878918 0.010058 0.731139 0.000000 0.402808
0.943452 0.017427 1.571689 0.655780 0.011758 0.497647 0.322795 0.813970 0.809128 0.759499 0.656102 0.271932 0.986324 0.177700 0.148515
0.410334 1.293819 1.017474 0.409509 0.804484 0.179269 0.647202 0.463536 0.574213 0.993200 0.293130 0.867650 0.264397 0.264193 0.319300
0.580841 0.000000 1.965516 0.817075 0.000000 0.000000 0.638593 0.439540 0.000000 0.795044 0.776908 0.000000 0.182311 0.392148 0.519824
0.577422 0.107613 1.612508 0.777618 0.117300 0.471257 0.109736 0.250647 0.810023 0.843954 0.330377 0.880920 0.320695 0.314053 0.714068
0.139602 0.193226 1.578599 0.904587 0.601694 0.507578 0.332142 0.742835 0.447712 0.454396 0.411220 0.940993 0.976651 0.593440 0.242713
1.454178 0.214964 1.344940 0.471739 0.093432 0.327376 0.400925 0.989359 0.331160 0.165508 0.347577 0.331625 0.893882 0.902293 0.952071
0.109437 1.690073 1.341364 0.426441 0.958835 0.777326 0.001417 0.135185 0.340473 0.747165 0.909824 0.570545 0.578804 0.956180 0.977590
0.549580 1.732873 0.000000 0.000000 0.804484 0.179269 0.647202 0.463536 0.574213 0.000000 0.293130 0.000000 0.264397 0.264193 0.319300
1.015454 0.000000 1.886444 0.685632 0.000000 0.000000 0.000000 0.000000 0.582585 0.673264 0.342811 0.298185 0.000000 0.427801 0.686802
0.440959 0.000000 2.090798 0.867673 0.000000 0.000000 0.593830 0.251390 0.273047 0.513429 0.937574 0.000000 0.230063 0.000000 0.512517
0.847479 1.439978 0.254300 0.096154 0.661352 0.360789 0.471012 0.814193 0.088138 0.404221 0.528868 0.643132 0.096429 0.138060 0.777786
0.000534 0.004319 1.783110 0.998446 0.921742 0.458965 0.527671 0.840714 0.418677 0.095761 0.878918 0.010058 0.731139 0.280764 0.402808
0.198783 2.370481 0.000000 0.000000 0.946739 0.844460 0.852555 0.000000 0.000000 0.667411 0.603791 0.834021 0.374270 0.031303 0.000000
1.156652 0.283496 1.287390 0.524777 0.153019 0.057725 0.717184 0.100082 0.688659 0.599232 0.425798 0.768412 0.667234 0.898987 0.297823
0.165063 0.754891 1.288061 0.655999 0.862955 0.152635 0.475541 0.294091 0.277065 0.962860 0.429523 0.464748 0.331010 0.625221 0.654990
0.030099 0.849072 1.628305 0.693841 0.977442 0.163688 0.599075 0.820405 0.165580 0.518202 0.793002 0.985070 0.913645 0.498632 0.581448
0.924660 0.698331 0.820152 0.392121 0.411791 0.885913 0.182121 0.458567 0.665436 0.312958 0.476550 0.487149 0.371524 0.231016 0.626480
1.558275 0.149186 1.133730 0.399041 0.060764 0.891871 0.457466 0.397320 0.791458 0.167390 0.022489 0.018152 0.181580 0.417195 0.446214
0.007105 0.861606 1.474573 0.663345 0.994751 0.911143 0.515312 0.363507 0.060376 0.453936 0.301111 0.884444 0.794086 0.288702 0.422045
1.326184 0.547025 1.287337 0.465597 0.249058 0.954567 0.012232 0.238817 0.622095 0.782277 0.336231 0.525829 0.000000 0.295216 0.526809
1.902347 0.000000 0.000000 0.000000 0.000000 0.179269 0.601585 0.463536 0.574213 0.993200 0.293130 0.867650 0.264397 0.264193 0.000000
0.847479 1.439978 0.254300 0.096154 0.661352 0.360789 0.471012 0.814193 0.088138 0.404221 0.528868 0.643132 0.096429 0.138060 0.777786
1.677097 0.710817 0.000000 0.000000 0.255212 0.502480 0.000000 0.537929 0.955096 0.329580 0.662735 0.543752 0.143181 0.378733 0.904341
0.006674 1.875144 0.321556 0.108117 0.997734 0.109877 0.274285 0.338415 0.076739 0.065192 0.581889 0.276089 0.350376 0.273509 0.082223
1.547806 0.615265 0.651114 0.237237 0.240869 0.615054 0.888438 0.568743 0.133011 0.564116 0.613162 0.063246 0.026548 0.313522 0.365010
0.109437 1.690073 1.341364 0.426441 0.958835 0.777326 0.001417 0.135185 0.340473 0.747165 0.909824 0.570545 0.578804 0.956180 0.977590
1.221333 0.168934 1.348191 0.528402 0.087501 0.596971 0.436334 0.972880 0.818777 0.898175 0.315499 0.647774 0.293965 0.641329 0.959817
0.006674 1.875144 0.321556 0.108117 0.997734 0.109877 0.274285 0.338415 0.076739 0.065192 0.581889 0.276089 0.350376 0.273509 0.082223
1.547806 0.615265 0.651114 0.237237 0.240869 0.615054 0.888438 0.568743 0.133011 0.564116 0.613162 0.063246 0.026548 0.313522 0.365010
1.228938 1.554420 0.000000 0.000000 0.574109 0.360789 0.471012 0.814193 0.000000 0.404221 0.528868 0.000000 0.096429 0.138060 0.742338
0.410334 1.293819 1.017474 0.409509 0.804484 0.179269 0.647202 0.463536 0.574213 0.993200 0.293130 0.867650 0.264397 0.264193 0.319300
0.198783 2.370481 0.000000 0.000000 0.946739 0.844460 0.852555 0.000000 0.000000 0.667411 0.603791 0.834021 0.374270 0.031303 0.000000
1.581865 0.000000 1.695444 0.522054 0.000000 0.000000 0.360151 0.931186 0.100210 0.741973 0.738187 0.000000 0.397133 0.000000 0.778607
1.228938 1.554420 0.000000 0.000000 0.574109 0.360789 0.471012 0.814193 0.000000 0.404221 0.528868 0.000000 0.096429 0.138060 0.742338
0.378141 0.158137 1.479427 0.827940 0.252161 0.736705 0.390989 0.385091 0.764984 0.885612 0.123190 0.432603 0.309129 0.564700 0.280958
1.581865 0.000000 1.695444 0.522054 0.000000 0.000000 0.360151 0.931186 0.100210 0.741973 0.738187 0.000000 0.397133 0.000000 0.778607
1.454178 0.214964 1.344940 0.471739 0.093432 0.327376 0.400925 0.989359 0.331160 0.165508 0.347577 0.331625 0.893882 0.902293 0.952071
1.262814 1.527157 0.000000 0.000000 0.560138 0.779506 0.682102 0.874513 0.072945 0.868301 0.217843 0.344440 0.262052 0.000000 0.540553
0.378141 0.158137 1.479427 0.827940 0.252161 0.736705 0.390989 0.385091 0.764984 0.885612 0.123190 0.432603 0.309129 0.564700 0.280958
0.000534 0.004319 1.783110 0.998446 0.921742 0.458965 0.527671 0.840714 0.418677 0.095761 0.878918 0.010058 0.731139 0.280764 0.402808
0.007105 0.861606 1.474573 0.663345 0.994751 0.911143 0.515312 0.363507 0.060376 0.453936 0.301111 0.884444 0.794086 0.288702 0.422045
0.007105 0.861606 1.474573 0.663345 0.994751 0.911143 0.515312 0.363507 0.060376 0.453936 0.301111 0.884444 0.794086 0.288702 0.422045
0.000211 0.004008 2.725792 0.999063 0.966531 0.000000 0.000000 0.000000 0.000000 0.095761 0.878918 0.174522 0.731139 0.000000 0.402808
0.495767 0.131239 1.515256 0.792238 0.164747 0.198803 0.481634 0.428680 0.971485 0.276411 0.469000 0.306908 0.928687 0.532220 0.590555
0.495767 0.131239 1.515256 0.792238 0.164747 0.198803 0.481634 0.428680 0.971485 0.276411 0.469000 0.306908 0.928687 0.532220 0.590555
