1.490856 0.000000 0.000000 0.000000 0.000000 0.736705 0.437259 0.385091 0.738093 0.854785 0.123190 0.432603 0.309129 0.564700 0.280958
0.000072 2.044180 0.000000 0.000000 0.999978 0.856245 0.852555 0.899694 0.346420 0.000000 0.603791 0.834021 0.374270 0.031303 0.542489
0.267716 0.000000 1.595952 0.894194 0.000000 0.458965 0.527671 0.794333 0.418677 0.095761 0.865108 0.161022 0.731139 0.280764 0.402808
0.000000 0.000000 2.674091 1.000000 0.000000 0.000000 0.000000 0.682528 0.000000 0.695613 0.047735 0.000000 0.092662 0.636481 0.038031
0.007105 0.861606 1.474573 0.663345 0.994751 0.911143 0.515312 0.363507 0.060376 0.453936 0.301111 0.884444 0.794086 0.288702 0.422045
0.000074 1.997323 0.000000 0.000000 0.999976 0.856245 0.852555 0.869215 0.487155 0.000000 0.603791 0.834021 0.374270 0.031303 0.542489
0.203890 1.650264 0.000000 0.000000 0.921742 0.357871 0.633684 0.840714 0.418677 0.227806 0.878918 0.073481 0.731139 0.293766 0.419408
0.000000 3.219899 0.000000 0.000000 1.000000 0.000000 0.000000 0.095646 0.000000 0.154885 0.000000 0.000000 0.067227 0.000000 0.000000
0.000117 0.000000 2.324059 0.999968 0.000000 0.952172 0.000000 0.682528 0.849433 0.695613 0.736319 0.912321 0.033077 0.636481 0.038031
0.000000 3.018198 0.000000 0.000000 1.000000 0.000000 0.000000 0.000000 0.000000 0.586247 0.145644 0.000000 0.118082 0.000000 0.010786
0.000006 0.000000 2.619033 0.999999 0.000000 0.952172 0.065961 0.682528 0.000000 0.695613 0.047735 0.000000 0.033077 0.636481 0.038031
0.065066 1.835476 0.000000 0.000000 0.977442 0.163688 0.599075 0.820405 0.165580 0.518202 0.793002 0.985070 0.913645 0.498632 0.581448
0.151484 1.806443 0.226575 0.079159 0.946739 0.844460 0.852555 0.929630 0.346420 0.667411 0.603791 0.834021 0.449528 0.031303 0.556383
1.156652 0.283496 1.287390 0.524777 0.153019 0.057725 0.717184 0.100082 0.688659 0.599232 0.425798 0.768412 0.667234 0.898987 0.297823
1.489267 0.622804 0.000000 0.000000 0.252161 0.736705 0.515646 0.448685 0.764984 0.000000 0.123190 0.432603 0.309129 0.564700 0.280958
0.000042 2.797500 0.000000 0.000000 0.999990 0.800101 0.000000 0.085338 0.000000 0.000000 0.603791 0.000000 0.342767 0.000000 0.000000
1.254618 0.947525 0.000000 0.000000 0.411791 0.880780 0.182121 0.458567 0.665436 0.071669 0.508056 0.406702 0.371524 0.231016 0.626480
0.376184 0.157318 1.471768 0.827940 0.252161 0.736705 0.437259 0.385091 0.764984 0.885612 0.123190 0.432603 0.309129 0.564700 0.280958
0.139602 0.193226 1.578599 0.904587 0.601694 0.507578 0.332142 0.742835 0.447712 0.454396 0.411220 0.940993 0.976651 0.593440 0.242713
0.354032 0.233661 1.550598 0.830003 0.371386 0.211759 0.683743 0.322149 0.538737 0.583470 0.430840 0.878172 0.125916 0.903441 0.488672
0.148390 0.393148 1.421988 0.817075 0.770238 0.101414 0.638593 0.439540 0.641124 0.795044 0.776908 0.566703 0.182311 0.392148 0.519824
0.954876 1.100238 0.750764 0.302935 0.544954 0.606523 0.768778 0.506183 0.432278 0.568021 0.493395 0.120157 0.937205 0.042829 0.539634
0.029104 1.979476 0.000000 0.000000 0.990640 0.458965 0.527671 0.840714 0.418677 0.095761 0.878918 0.010058 0.000000 0.280764 0.402808
0.250782 0.000000 1.660730 0.904587 0.000000 0.507578 0.332142 0.123131 0.447712 0.454396 0.411220 0.940993 0.976651 0.593440 0.242713
0.000003 0.000000 2.674091 0.999999 0.000000 0.000000 0.000000 0.682528 0.000000 0.695613 0.047735 0.000000 0.092662 0.636481 0.038031
1.363672 0.634446 0.465741 0.191174 0.277224 0.502480 0.418596 0.603274 0.955096 0.374189 0.662735 0.540402 0.143181 0.376182 0.904341
0.659983 1.307339 1.000380 0.381519 0.702378 0.428450 0.767660 0.118906 0.302596 0.977307 0.691266 0.587247 0.086952 0.376799 0.265944
1.226927 0.000000 1.280673 0.513643 0.000000 0.428450 0.767660 0.118906 0.302596 0.977307 0.691266 0.587247 0.086952 0.376799 0.265944
0.711032 0.340480 1.370129 0.667607 0.284307 0.898225 0.355470 0.692698 0.214919 0.676116 0.384139 0.554215 0.396185 0.473727 0.026694
0.112364 1.529451 1.400196 0.471077 0.953313 0.587850 0.179800 0.648431 0.953216 0.926133 0.188928 0.251304 0.897773 0.014024 0.434071
0.112577 1.532354 1.388978 0.467928 0.953313 0.603051 0.179800 0.648431 0.953216 0.926133 0.188928 0.268572 0.897773 0.014024 0.434071
0.550859 1.091178 1.116225 0.471132 0.702378 0.374850 0.767660 0.118906 0.302596 0.814718 0.691266 0.587247 0.086952 0.376799 0.265944
0.709178 0.502163 1.393829 0.645100 0.392244 0.696821 0.264073 0.786515 0.456483 0.640330 0.698872 0.076201 0.647722 0.239562 0.131714
1.249527 0.000000 0.884416 0.392121 0.000000 0.000000 0.182121 0.458567 0.665436 0.312958 0.476550 0.505978 0.322470 0.231016 0.606210
1.479440 0.645801 0.000000 0.000000 0.262023 0.736705 0.515646 0.448685 0.764984 0.000000 0.123190 0.432603 0.309129 0.564700 0.280958
1.192396 0.491840 1.150650 0.463728 0.249058 0.954567 0.947859 0.238817 0.605792 0.779954 0.336231 0.525829 0.805558 0.295216 0.526809
0.650569 0.000000 1.443812 0.730490 0.000000 0.523236 0.000000 0.191724 0.582585 0.632003 0.342811 0.322127 0.157451 0.427801 0.686802
0.000534 0.004319 1.783110 0.998446 0.921742 0.458965 0.527671 0.840714 0.418677 0.095761 0.878918 0.010058 0.731139 0.280764 0.402808
0.182843 1.499369 1.159195 0.416710 0.922748 0.706528 0.715781 0.868668 0.771790 0.187225 0.476721 0.639654 0.195827 0.001539 0.882304
0.408765 0.000000 1.475417 0.827940 0.000000 0.736705 0.437259 0.385091 0.764984 0.885612 0.123190 0.432603 0.309129 0.589288 0.280958
0.004339 0.000000 1.777887 0.998446 0.000000 0.458965 0.527671 0.840714 0.462709 0.095761 0.878918 0.010058 0.731139 0.280764 0.402808
0.907642 1.256280 0.000000 0.000000 0.601694 0.507578 0.332142 0.742835 0.447712 0.454396 0.411220 0.000000 0.908957 0.593440 0.345142
0.002057 0.000000 2.285496 0.999427 0.000000 0.952172 0.012525 0.682528 0.813184 0.695613 0.750641 0.912321 0.042978 0.636481 0.038031
0.165063 0.754891 1.288061 0.655999 0.862955 0.152635 0.475541 0.294091 0.277065 0.962860 0.429523 0.464748 0.331010 0.625221 0.654990
1.370432 0.463109 0.865653 0.343301 0.207462 0.259053 0.605788 0.209564 0.501003 0.142625 0.781276 0.499703 0.816485 0.799893 0.867781
0.000069 2.185119 0.000000 0.000000 0.999980 0.842355 0.852555 0.866534 0.346420 0.000000 0.589103 0.000000 0.338944 0.000000 0.542489
0.000335 1.821031 0.065444 0.022869 0.999883 0.856245 0.852555 0.899694 0.346420 0.667411 0.603791 0.834021 0.374270 0.031303 0.542489
0.000003 0.000000 2.674091 0.999999 0.034130 0.000000 0.000000 0.682528 0.000000 0.695613 0.047735 0.000000 0.092662 0.636481 0.038031
0.204482 0.041448 1.757296 0.924767 0.127315 0.426838 0.518517 0.049720 0.663497 0.777489 0.889830 0.630849 0.059196 0.652578 0.233951
0.913820 0.690144 0.810537 0.392121 0.411791 0.885913 0.182121 0.458567 0.624268 0.312958 0.476550 0.487149 0.371524 0.231016 0.606210
0.000064 2.042549 0.073405 0.022869 0.999980 0.842355 0.852555 0.899694 0.346420 0.000000 0.589103 0.837140 0.338944 0.031303 0.542489
0.672535 0.647635 1.351342 0.615097 0.487994 0.696821 0.264073 0.786515 0.456483 0.640330 0.698872 0.076201 0.647722 0.239562 0.131714
1.467954 0.000000 0.756504 0.302935 0.000000 0.606523 0.768778 0.506183 0.432278 0.583746 0.399065 0.120157 0.937205 0.042829 0.539634
1.314316 0.630995 0.872457 0.343301 0.284949 0.259053 0.601221 0.203598 0.509490 0.108811 0.781276 0.499703 0.825943 0.799893 0.838352
0.355679 1.432160 0.000000 0.000000 0.845030 0.523236 0.884098 0.191724 0.582585 0.553433 0.342811 0.298185 0.157451 0.427801 0.686802
0.153328 0.617383 1.358823 0.721258 0.845030 0.523236 0.884098 0.191724 0.582585 0.636433 0.350969 0.298185 0.141154 0.427801 0.686802
0.410334 1.293819 1.017474 0.409509 0.804484 0.179269 0.647202 0.463536 0.574213 0.993200 0.293130 0.867650 0.264397 0.264193 0.319300
0.854948 0.000000 1.371345 0.645100 0.000000 0.696821 0.264073 0.786515 0.456483 0.582976 0.660818 0.076201 0.647722 0.239562 0.131714
1.191399 0.491429 1.156500 0.465597 0.249058 0.954567 0.947859 0.238817 0.622095 0.779954 0.336231 0.525829 0.805558 0.295216 0.489991
0.169159 0.681128 1.303795 0.685632 0.845030 0.523236 0.924310 0.260119 0.606512 0.632003 0.342811 0.322127 0.157451 0.427801 0.686802
0.109437 1.690073 1.341364 0.426441 0.958835 0.777326 0.001417 0.135185 0.340473 0.747165 0.909824 0.570545 0.578804 0.956180 0.977590
0.030099 0.849072 1.628305 0.693841 0.977442 0.163688 0.599075 0.820405 0.165580 0.518202 0.793002 0.985070 0.913645 0.498632 0.581448
0.932374 0.000000 1.304830 0.605023 0.000000 0.696821 0.264073 0.786515 0.456483 0.640330 0.698872 0.076201 0.647722 0.239562 0.188820
0.035054 0.283727 1.704260 0.894194 0.921742 0.458965 0.527671 0.840714 0.418677 0.095761 0.878918 0.069885 0.731139 0.280764 0.402808
0.036342 0.283565 1.704260 0.894194 0.918852 0.458965 0.527671 0.840714 0.418677 0.095761 0.878918 0.069885 0.731139 0.280764 0.402808
0.000010 2.978109 0.000000 0.000000 0.999998 0.800101 0.000000 0.085338 0.000000 0.009713 0.000000 0.051669 0.342767 0.000000 0.000000
0.036886 0.287808 1.703537 0.892596 0.918852 0.458965 0.527671 0.840714 0.418677 0.095761 0.878918 0.069885 0.731139 0.280764 0.402808
0.073629 0.281326 1.733572 0.894194 0.837037 0.458965 0.527671 0.840714 0.418677 0.095761 0.878918 0.069885 0.788351 0.280764 0.402808
0.000015 0.000000 2.557623 0.999996 0.000000 0.000000 0.081238 0.682528 0.063409 0.695613 0.000000 0.912321 0.033077 0.636481 0.038031
1.156652 0.283496 1.287390 0.524777 0.153019 0.057725 0.717184 0.100082 0.688659 0.599232 0.425798 0.768412 0.667234 0.898987 0.297823
0.410334 1.293819 1.017474 0.409509 0.804484 0.179269 0.647202 0.463536 0.574213 0.993200 0.293130 0.867650 0.264397 0.264193 0.319300
1.254618 0.947525 0.000000 0.000000 0.411791 0.880780 0.182121 0.458567 0.665436 0.071669 0.508056 0.406702 0.371524 0.231016 0.626480
0.153328 0.617383 1.358823 0.721258 0.845030 0.523236 0.884098 0.191724 0.582585 0.636433 0.350969 0.298185 0.141154 0.427801 0.686802
0.203890 1.650264 0.000000 0.000000 0.921742 0.357871 0.633684 0.840714 0.418677 0.227806 0.878918 0.073481 0.731139 0.293766 0.419408
1.314316 0.630995 0.872457 0.343301 0.284949 0.259053 0.601221 0.203598 0.509490 0.108811 0.781276 0.499703 0.825943 0.799893 0.838352
2.921083 0.000000 0.000000 0.000000 0.000000 0.706685 0.000000 0.868668 0.000000 0.187225 0.000000 0.000000 0.000000 0.001539 0.882304
0.203890 1.650264 0.000000 0.000000 0.921742 0.357871 0.633684 0.840714 0.418677 0.227806 0.878918 0.073481 0.731139 0.293766 0.419408
0.153328 0.617383 1.358823 0.721258 0.845030 0.523236 0.884098 0.191724 0.582585 0.636433 0.350969 0.298185 0.141154 0.427801 0.686802
0.376184 0.157318 1.471768 0.827940 0.252161 0.736705 0.437259 0.385091 0.764984 0.885612 0.123190 0.432603 0.309129 0.564700 0.280958
1.314316 0.630995 0.872457 0.343301 0.284949 0.259053 0.601221 0.203598 0.509490 0.108811 0.781276 0.499703 0.825943 0.799893 0.838352
0.932374 0.000000 1.304830 0.605023 0.000000 0.696821 0.264073 0.786515 0.456483 0.640330 0.698872 0.076201 0.647722 0.239562 0.188820
1.254618 0.947525 0.000000 0.000000 0.411791 0.880780 0.182121 0.458567 0.665436 0.071669 0.508056 0.406702 0.371524 0.231016 0.626480
0.376184 0.157318 1.471768 0.827940 0.252161 0.736705 0.437259 0.385091 0.764984 0.885612 0.123190 0.432603 0.309129 0.564700 0.280958
0.854948 0.000000 1.371345 0.645100 0.000000 0.696821 0.264073 0.786515 0.456483 0.582976 0.660818 0.076201 0.647722 0.239562 0.131714
0.007105 0.861606 1.474573 0.663345 0.994751 0.911143 0.515312 0.363507 0.060376 0.453936 0.301111 0.884444 0.794086 0.288702 0.422045
0.932374 0.000000 1.304830 0.605023 0.000000 0.696821 0.264073 0.786515 0.456483 0.640330 0.698872 0.076201 0.647722 0.239562 0.188820
0.109437 1.690073 1.341364 0.426441 0.958835 0.777326 0.001417 0.135185 0.340473 0.747165 0.909824 0.570545 0.578804 0.956180 0.977590
0.007105 0.861606 1.474573 0.663345 0.994751 0.911143 0.515312 0.363507 0.060376 0.453936 0.301111 0.884444 0.794086 0.288702 0.422045
0.000006 0.000000 2.619033 0.999999 0.000000 0.952172 0.065961 0.682528 0.000000 0.695613 0.047735 0.000000 0.033077 0.636481 0.038031
0.000000 3.018198 0.000000 0.000000 1.000000 0.000000 0.000000 0.000000 0.000000 0.586247 0.145644 0.000000 0.118082 0.000000 0.010786
