1.444200 1.401130 0.000000 0.000000 0.490364 0.000000 0.439201 0.496737 0.145288 0.890366 0.792893 0.588368 0.558369 0.874591 0.007103
1.909971 0.000000 0.000000 0.000000 0.000000 0.175615 0.645321 0.251390 0.273047 0.513429 0.997691 0.459268 0.148337 0.717049 0.000000
0.241937 0.000000 2.037738 0.924767 0.000000 0.426838 0.518517 0.049720 0.663497 0.777489 0.889830 0.630849 0.000000 0.000000 0.233951
0.002069 0.000194 2.308681 0.999427 0.059498 0.952172 0.012525 0.682528 0.849433 0.695613 0.736319 0.912321 0.036310 0.636481 0.038031
0.002534 0.000000 2.815306 0.999427 0.000000 0.000000 0.000000 0.000000 0.000000 0.695613 0.736319 0.000000 0.000000 0.636481 0.049924
0.385940 1.765038 0.000000 0.000000 0.862955 0.062948 0.475541 0.294091 0.277065 0.962860 0.429523 0.464748 0.331010 0.000000 0.654990
0.924660 0.698331 0.820152 0.392121 0.411791 0.885913 0.182121 0.458567 0.665436 0.312958 0.476550 0.487149 0.371524 0.231016 0.626480
0.000534 0.004319 1.783110 0.998446 0.921742 0.458965 0.527671 0.840714 0.418677 0.095761 0.878918 0.010058 0.731139 0.280764 0.402808
1.831282 0.000000 1.089362 0.341632 0.000000 0.142964 0.000000 0.893308 0.364964 0.388724 0.311093 0.383318 0.000000 0.696223 0.979804
0.926318 0.000000 1.544085 0.655999 0.000000 0.133183 0.472640 0.294091 0.277065 0.000000 0.429523 0.000000 0.331010 0.625221 0.654990
0.007948 2.233275 0.000000 0.000000 0.997734 0.000000 0.274285 0.338415 0.123823 0.065192 0.581889 0.276089 0.350376 0.003577 0.000000
0.139602 0.193226 1.578599 0.904587 0.601694 0.507578 0.332142 0.742835 0.447712 0.454396 0.411220 0.940993 0.976651 0.593440 0.242713
0.172995 0.696573 1.333359 0.685632 0.845030 0.523236 0.884098 0.191724 0.582585 0.673264 0.342811 0.298185 0.141154 0.427801 0.686802
1.156652 0.283496 1.287390 0.524777 0.153019 0.057725 0.717184 0.100082 0.688659 0.599232 0.425798 0.768412 0.667234 0.898987 0.297823
0.410334 1.293819 1.017474 0.409509 0.804484 0.179269 0.647202 0.463536 0.574213 0.993200 0.293130 0.867650 0.264397 0.264193 0.319300
0.847479 1.439978 0.254300 0.096154 0.661352 0.360789 0.471012 0.814193 0.088138 0.404221 0.528868 0.643132 0.096429 0.138060 0.777786
1.630978 0.029241 0.071924 0.028051 0.011412 0.740837 0.681386 0.898729 0.737212 0.265425 0.648740 0.789706 0.388879 0.597453 0.120865
0.711032 0.340480 1.370129 0.667607 0.284307 0.898225 0.355470 0.692698 0.214919 0.676116 0.384139 0.554215 0.396185 0.473727 0.026694
0.005844 0.000003 2.394315 0.998446 0.000292 0.458965 0.000000 0.022981 0.418677 0.095761 0.878918 0.000000 0.731139 0.280764 0.000000
1.793681 0.739858 0.000000 0.000000 0.249058 0.954567 0.947859 0.238817 0.622095 0.779954 0.336231 0.525829 0.805558 0.000000 0.526809
1.421453 0.000000 1.536639 0.524777 0.000000 0.057725 0.717184 0.095799 0.688659 0.599232 0.425798 0.768412 0.000000 0.000000 0.246768
0.204482 0.041448 1.757296 0.924767 0.127315 0.426838 0.518517 0.049720 0.663497 0.777489 0.889830 0.630849 0.059196 0.652578 0.233951
0.153557 1.831162 0.066039 0.022869 0.946739 0.844460 0.852555 0.929630 0.346420 0.667411 0.603791 0.834021 0.374270 0.031303 0.542489
0.006674 1.875144 0.321556 0.108117 0.997734 0.109877 0.274285 0.338415 0.076739 0.065192 0.581889 0.276089 0.350376 0.273509 0.082223
0.378141 0.158137 1.479427 0.827940 0.252161 0.736705 0.390989 0.385091 0.764984 0.885612 0.123190 0.432603 0.309129 0.564700 0.280958
1.547806 0.615265 0.651114 0.237237 0.240869 0.615054 0.888438 0.568743 0.133011 0.564116 0.613162 0.063246 0.026548 0.313522 0.365010
0.030099 0.849072 1.628305 0.693841 0.977442 0.163688 0.599075 0.820405 0.165580 0.518202 0.793002 0.985070 0.913645 0.498632 0.581448
1.454178 0.214964 1.344940 0.471739 0.093432 0.327376 0.400925 0.989359 0.331160 0.165508 0.347577 0.331625 0.893882 0.902293 0.952071
1.609003 0.395209 1.089259 0.370248 0.153333 0.269634 0.966615 0.318873 0.932970 0.521131 0.114317 0.477913 0.051310 0.838722 0.661272
0.750623 1.753796 0.335430 0.110805 0.742546 0.678689 0.120832 0.384609 0.456365 0.888704 0.144032 0.194171 0.788309 0.176549 0.932374
1.558275 0.149186 1.133730 0.399041 0.060764 0.891871 0.457466 0.397320 0.791458 0.167390 0.022489 0.018152 0.181580 0.417195 0.446214
0.590204 1.169116 1.195952 0.471132 0.702378 0.428450 0.767660 0.118906 0.302596 0.977307 0.691266 0.587247 0.086952 0.376799 0.265944
0.709178 0.502163 1.393829 0.645100 0.392244 0.696821 0.264073 0.786515 0.456483 0.640330 0.698872 0.076201 0.647722 0.239562 0.131714
0.354032 0.233661 1.550598 0.830003 0.371386 0.211759 0.683743 0.322149 0.538737 0.583470 0.430840 0.878172 0.125916 0.903441 0.488672
0.113028 1.538487 1.394538 0.467928 0.953313 0.603051 0.179800 0.648431 0.953216 0.926133 0.188928 0.251304 0.897773 0.014024 0.434071
0.577422 0.107613 1.612508 0.777618 0.117300 0.471257 0.109736 0.250647 0.810023 0.843954 0.330377 0.880920 0.320695 0.314053 0.714068
0.007105 0.861606 1.474573 0.663345 0.994751 0.911143 0.515312 0.363507 0.060376 0.453936 0.301111 0.884444 0.794086 0.288702 0.422045
0.148390 0.393148 1.421988 0.817075 0.770238 0.101414 0.638593 0.439540 0.641124 0.795044 0.776908 0.566703 0.182311 0.392148 0.519824
1.225683 1.482253 0.081255 0.026879 0.560138 0.779506 0.682102 0.874513 0.072945 0.868301 0.217843 0.344440 0.333002 0.971359 0.540553
1.314316 0.630995 0.872457 0.343301 0.284949 0.259053 0.601221 0.203598 0.509490 0.108811 0.781276 0.499703 0.825943 0.799893 0.838352
1.221333 0.168934 1.348191 0.528402 0.087501 0.596971 0.436334 0.972880 0.818777 0.898175 0.315499 0.647774 0.293965 0.641329 0.959817
0.182843 1.499369 1.159195 0.416710 0.922748 0.706528 0.715781 0.868668 0.771790 0.187225 0.476721 0.639654 0.195827 0.001539 0.882304
0.962177 1.108650 0.756504 0.302935 0.544954 0.606523 0.768778 0.506183 0.432278 0.583746 0.399065 0.120157 0.937205 0.042829 0.539634
1.369681 0.637242 0.467793 0.191174 0.277224 0.502480 0.398997 0.537929 0.955096 0.329580 0.662735 0.540402 0.143181 0.378733 0.904341
1.191825 0.491604 1.156913 0.465597 0.249058 0.954567 0.947859 0.238817 0.622095 0.779954 0.336231 0.525829 0.805558 0.295216 0.526809
0.573834 1.545658 0.812266 0.291417 0.773692 0.308474 0.650657 0.498823 0.182729 0.258753 0.086050 0.581947 0.102729 0.297124 0.992616
0.165063 0.754891 1.288061 0.655999 0.862955 0.152635 0.475541 0.294091 0.277065 0.962860 0.429523 0.464748 0.331010 0.625221 0.654990
0.109437 1.690073 1.341364 0.426441 0.958835 0.777326 0.001417 0.135185 0.340473 0.747165 0.909824 0.570545 0.578804 0.956180 0.977590
0.495767 0.131239 1.515256 0.792238 0.164747 0.198803 0.481634 0.428680 0.971485 0.276411 0.469000 0.306908 0.928687 0.532220 0.590555
1.455244 0.000000 1.173130 0.431930 0.000000 0.096533 0.124096 0.000000 0.896293 0.639651 0.230642 0.594463 0.549111 0.644815 0.683619
1.786783 0.074486 0.166892 0.059239 0.026524 0.287995 0.889451 0.515210 0.309108 0.415192 0.006227 0.766368 0.084521 0.748127 0.418334
1.295156 1.839846 0.000000 0.000000 0.609516 0.606523 0.768778 0.506183 0.000000 0.582128 0.399065 0.021890 0.937205 0.000000 0.020736
1.669255 0.284771 0.205971 0.077056 0.107570 0.698849 0.848405 0.235490 0.410706 0.390436 0.141925 0.042857 0.741658 0.324960 0.330453
0.221298 1.163566 1.548518 0.584317 0.880351 0.106492 0.824620 0.813030 0.970405 0.307141 0.202106 0.506055 0.183789 0.408234 0.131655
1.455244 0.000000 1.173130 0.431930 0.000000 0.096533 0.124096 0.000000 0.896293 0.639651 0.230642 0.594463 0.549111 0.644815 0.683619
0.919168 1.597221 0.495749 0.167300 0.667561 0.337209 0.453677 0.110992 0.754659 0.931155 0.165107 0.172256 0.836978 0.154184 0.342186
0.758032 1.487651 1.053003 0.358206 0.699988 0.378958 0.354290 0.088700 0.896341 0.341478 0.050063 0.133366 0.234298 0.918388 0.435287
1.853217 0.047058 0.325447 0.110635 0.016162 0.625391 0.192866 0.085103 0.912555 0.692702 0.184775 0.731430 0.518038 0.077620 0.253063
1.931084 1.162095 0.000000 0.000000 0.344876 0.000000 0.290417 0.146395 0.000000 0.000000 0.688436 0.476814 0.499129 0.000000 0.279143
0.787936 0.844547 1.341745 0.547519 0.522068 0.590753 0.439201 0.496737 0.145288 0.890366 0.792893 0.588368 0.558369 0.874591 0.007103
1.975892 0.000000 0.000000 0.000000 0.000000 0.606523 0.000000 0.506183 0.432278 0.583746 0.399065 0.000000 0.937205 0.000000 0.539634
1.096886 1.863753 0.000000 0.000000 0.661352 0.360789 0.471012 0.000000 0.000000 0.000000 0.528868 0.643132 0.096429 0.138060 0.777786
0.491578 1.629221 1.299983 0.415292 0.813446 0.060522 0.905751 0.887095 0.220305 0.811826 0.681381 0.616727 0.002100 0.499916 0.095059
1.436458 1.103939 0.828134 0.272954 0.417142 0.077286 0.868742 0.844829 0.110738 0.562573 0.220906 0.705473 0.458774 0.930047 0.189838
0.949574 0.340570 1.443074 0.611600 0.219229 0.853627 0.928462 0.746086 0.946407 0.200133 0.267309 0.427983 0.500240 0.317914 0.599226
1.473814 0.000000 1.593243 0.524777 0.000000 0.000000 0.717184 0.000000 0.688659 0.599232 0.425798 0.000000 0.667234 0.000000 0.289529
0.961373 0.859666 1.038313 0.431527 0.464481 0.096533 0.124096 0.663810 0.896293 0.639651 0.230642 0.594463 0.609848 0.644815 0.683619
0.144693 0.510615 1.638982 0.800639 0.824209 0.313170 0.299109 0.336631 0.937148 0.695122 0.622896 0.785181 0.945451 0.197639 0.426770
0.008503 2.389064 0.000000 0.000000 0.997734 0.109877 0.274285 0.338415 0.076739 0.065192 0.000000 0.000000 0.350376 0.192277 0.082223
1.945422 0.773320 0.000000 0.000000 0.240869 0.615054 0.888438 0.568743 0.133011 0.000000 0.613162 0.000000 0.026548 0.313522 0.365010
1.869294 0.000000 1.323087 0.392121 0.000000 0.000000 0.000000 0.458567 0.647406 0.000000 0.476550 0.487149 0.000000 0.000000 0.626480
1.230038 0.740217 1.325183 0.474555 0.344876 0.024326 0.290417 0.146395 0.801672 0.944655 0.688436 0.476814 0.499129 0.930051 0.279143
0.485645 1.955473 0.000000 0.000000 0.845030 0.523236 0.000000 0.000000 0.000000 0.673264 0.342811 0.298185 0.141154 0.427801 0.686802
0.952758 1.555232 0.261941 0.090810 0.650086 0.377961 0.196543 0.308204 0.535796 0.023069 0.228215 0.958177 0.916163 0.446533 0.398864
1.699129 0.000000 1.549429 0.470684 0.000000 0.662321 0.000000 0.982361 0.199502 0.000000 0.645817 0.269806 0.696782 0.000000 0.795332
1.444200 1.401130 0.000000 0.000000 0.490364 0.000000 0.439201 0.496737 0.145288 0.890366 0.792893 0.588368 0.558369 0.874591 0.007103
1.842976 0.000000 1.381523 0.409509 0.000000 0.179269 0.647202 0.000000 0.574213 0.993200 0.293130 0.867650 0.000000 0.264193 0.056788
0.000723 0.005854 2.416768 0.998446 0.921742 0.458965 0.000000 0.000000 0.418677 0.095761 0.878918 0.000000 0.731139 0.280764 0.000000
1.025452 0.000000 1.782210 0.667607 0.000000 0.898225 0.355470 0.000000 0.214919 0.676116 0.000000 0.554215 0.396185 0.473727 0.000000
1.280145 0.616661 1.295741 0.470684 0.285785 0.662321 0.037188 0.982361 0.199502 0.346263 0.645817 0.269806 0.696782 0.868334 0.795332
1.974528 0.000000 1.017565 0.302935 0.000000 0.606523 0.000000 0.506183 0.000000 0.583746 0.399065 0.000000 0.937205 0.000000 0.539634
1.016314 1.067865 0.876940 0.341632 0.515743 0.142964 0.291951 0.893308 0.364964 0.427050 0.311093 0.383318 0.719721 0.696223 0.979804
0.448926 2.053097 0.000000 0.000000 0.862955 0.000000 0.475541 0.294091 0.277065 0.962860 0.429523 0.000000 0.000000 0.625221 0.654990
0.102046 2.233958 0.000000 0.000000 0.970940 0.152635 0.000000 0.294091 0.000000 0.000000 0.429523 0.000000 0.331010 0.625221 0.654990
0.210067 0.396606 1.736460 0.838984 0.689906 0.012381 0.387462 0.462267 0.780392 0.544252 0.863868 0.737929 0.071853 0.542643 0.205139
0.058779 0.153145 1.936781 0.946209 0.766694 0.017848 0.971458 0.089338 0.860466 0.265130 0.758619 0.622313 0.371170 0.684984 0.550683
0.656816 0.076647 1.873380 0.783975 0.073955 0.481395 0.119832 0.972172 0.147054 0.565613 0.535463 0.897546 0.130077 0.469582 0.939203
1.228617 0.985326 0.899008 0.330211 0.430321 0.464231 0.099952 0.854767 0.530518 0.125476 0.447615 0.057570 0.704144 0.121025 0.535829
1.886487 0.000000 1.305321 0.385340 0.000000 0.885913 0.182121 0.000000 0.665436 0.000000 0.476550 0.487149 0.000000 0.000000 0.626480
0.201674 1.520468 1.376197 0.465558 0.916049 0.217689 0.889119 0.915367 0.720091 0.124632 0.265463 0.981749 0.526584 0.447619 0.920903
0.036021 1.016136 1.948690 0.693841 0.977442 0.149019 0.000000 0.820405 0.165580 0.000000 0.793002 0.985070 0.680394 0.498632 0.581448
1.380371 1.325587 0.860292 0.268944 0.487113 0.392458 0.325574 0.700826 0.972913 0.156739 0.028575 0.913574 0.542590 0.894348 0.851935
