1.385720 0.000000 0.000000 0.000000 0.000000 0.885913 0.182121 0.458567 0.665436 0.312958 0.476550 0.487149 0.371524 0.303899 0.626480
0.000475 0.000000 2.615667 0.999884 0.000000 0.859453 0.000000 0.682528 0.000000 0.695613 0.000000 0.074271 0.036310 0.636481 0.000000
0.000047 2.605339 0.000000 0.000000 0.999989 0.000000 0.000000 0.338415 0.000000 0.000000 0.581889 0.276089 0.350376 0.000000 0.000000
0.007119 2.000318 0.000000 0.000000 0.997734 0.000000 0.274285 0.338415 0.076739 0.065192 0.581889 0.276089 0.350376 0.273509 0.082223
0.000807 2.226442 0.000000 0.000000 0.999769 0.000000 0.290000 0.338415 0.123823 0.065192 0.581889 0.276089 0.350376 0.003577 0.000000
0.139602 0.193226 1.578599 0.904587 0.601694 0.507578 0.332142 0.742835 0.447712 0.454396 0.411220 0.940993 0.976651 0.593440 0.242713
0.006963 0.844443 1.445200 0.663345 0.994751 0.911143 0.515312 0.363507 0.100941 0.453936 0.301111 0.884444 0.794086 0.288702 0.422045
0.000477 0.003857 2.159286 0.998854 0.921742 0.467273 0.527671 0.840714 0.418677 0.059250 0.692529 0.000000 0.731139 0.000000 0.000000
1.209155 1.393226 0.603109 0.201157 0.544954 0.606523 0.768778 0.506183 0.432278 0.583746 0.399065 0.120157 0.937205 0.000000 0.000000
0.924660 0.698331 0.820152 0.392121 0.411791 0.885913 0.182121 0.458567 0.665436 0.312958 0.476550 0.487149 0.371524 0.231016 0.626480
0.349171 1.596880 0.000000 0.000000 0.862955 0.000000 0.475541 0.294091 0.277065 0.962860 0.429523 0.433320 0.331010 0.625221 0.654990
0.760776 1.527451 0.840685 0.291417 0.705817 0.308474 0.650657 0.498823 0.182729 0.258753 0.086050 0.581947 0.000000 0.577200 0.000000
0.510299 0.000000 1.726807 0.817075 0.000000 0.101414 0.638593 0.439540 0.641124 0.795044 0.000000 0.566703 0.000000 0.415814 0.519824
0.962157 1.108627 0.756488 0.302935 0.544954 0.606523 0.768778 0.497911 0.432278 0.583746 0.399065 0.120157 0.937205 0.042829 0.539634
0.002309 0.000000 2.564899 0.999427 0.000000 0.000000 0.012525 0.682528 0.029353 0.695613 0.736319 0.000000 0.036310 0.615427 0.000000
0.003927 0.000000 2.181473 0.998854 0.000000 0.458965 0.527671 0.840714 0.418677 0.169360 0.878918 0.000000 0.731139 0.000000 0.000000
1.311875 0.000000 1.177231 0.465597 0.000000 0.954567 0.000000 0.276833 0.622095 0.779954 0.336231 0.508929 0.805558 0.295216 0.526809
0.485540 0.128532 1.483997 0.792238 0.164747 0.198803 0.481634 0.428680 0.971485 0.276411 0.469000 0.434546 0.928687 0.532220 0.590555
1.218386 0.000000 1.317117 0.524777 0.000000 0.057725 0.717184 0.052307 0.688659 0.599232 0.425798 0.768412 0.667234 0.898987 0.297823
0.585438 0.000000 1.607220 0.777618 0.000000 0.471257 0.117014 0.250647 0.810023 0.843954 0.330377 0.880920 0.320695 0.314053 0.714068
0.000001 0.000000 2.985548 1.000000 0.000000 0.000000 0.161996 0.000000 0.000000 0.119795 0.000000 0.000000 0.058177 0.322413 0.000000
0.004083 2.117791 0.000000 0.000000 0.998772 0.000000 0.274285 0.338415 0.000000 0.000000 0.581889 0.276089 0.350376 0.273509 0.099737
0.000087 0.000000 2.665577 0.999979 0.000000 0.000000 0.117014 0.250521 0.730759 0.844721 0.000000 0.000000 0.000000 0.314053 0.000000
0.000123 2.605339 0.000000 0.000000 0.999970 0.000000 0.000000 0.338415 0.000000 0.000000 0.581889 0.276089 0.350376 0.000000 0.000000
0.000000 0.000000 3.218964 1.000000 0.000000 0.000000 0.000000 0.010865 0.000000 0.000000 0.000000 0.000000 0.054832 0.322413 0.000000
0.004740 0.000000 1.942168 0.998446 0.000000 0.458965 0.000000 0.840714 0.418677 0.095761 0.779924 0.010058 0.668734 0.280764 0.402808
1.249565 1.439787 0.000000 0.000000 0.544954 0.606523 0.694445 0.506183 0.432278 0.583746 0.399065 0.120157 0.937205 0.000000 0.000000
0.002226 0.000115 2.475983 0.999427 0.032743 0.952172 0.012525 0.682528 0.000000 0.695613 0.736319 0.000000 0.036310 0.615427 0.077941
1.369681 0.637242 0.467793 0.191174 0.277224 0.502480 0.398997 0.537929 0.955096 0.329580 0.662735 0.540402 0.143181 0.378733 0.904341
0.303517 0.000000 1.761571 0.891377 0.000000 0.507578 0.332142 0.000000 0.447712 0.454396 0.411220 0.940993 0.976651 0.593440 0.242713
0.000892 0.000084 2.514072 0.999773 0.059498 0.952172 0.012525 0.682528 0.849433 0.695613 0.000000 0.074271 0.036310 0.636481 0.038031
0.590204 1.169116 1.195952 0.471132 0.702378 0.428450 0.767660 0.118906 0.302596 0.977307 0.691266 0.587247 0.086952 0.376799 0.265944
1.191825 0.491604 1.156913 0.465597 0.249058 0.954567 0.947859 0.238817 0.622095 0.779954 0.336231 0.525829 0.805558 0.295216 0.526809
0.153557 1.831162 0.066039 0.022869 0.946739 0.844460 0.852555 0.929630 0.346420 0.667411 0.603791 0.834021 0.374270 0.031303 0.542489
0.015990 1.939163 0.000000 0.000000 0.994751 0.911143 0.515312 0.000000 0.060376 0.453936 0.301111 0.884444 0.794086 0.288702 0.422045
0.165063 0.754891 1.288061 0.655999 0.862955 0.152635 0.475541 0.294091 0.277065 0.962860 0.429523 0.464748 0.331010 0.625221 0.654990
0.000534 0.004319 1.783110 0.998446 0.921742 0.458965 0.527671 0.840714 0.418677 0.095761 0.878918 0.010058 0.731139 0.280764 0.402808
0.711032 0.340480 1.370129 0.667607 0.284307 0.898225 0.355470 0.692698 0.214919 0.676116 0.384139 0.554215 0.396185 0.473727 0.026694
0.410334 1.293819 1.017474 0.409509 0.804484 0.179269 0.647202 0.463536 0.574213 0.993200 0.293130 0.867650 0.264397 0.264193 0.319300
0.847479 1.439978 0.254300 0.096154 0.661352 0.360789 0.471012 0.814193 0.088138 0.404221 0.528868 0.643132 0.096429 0.138060 0.777786
0.109437 1.690073 1.341364 0.426441 0.958835 0.777326 0.001417 0.135185 0.340473 0.747165 0.909824 0.570545 0.578804 0.956180 0.977590
0.002069 0.000194 2.308681 0.999427 0.059498 0.952172 0.012525 0.682528 0.849433 0.695613 0.736319 0.912321 0.036310 0.636481 0.038031
0.573834 1.545658 0.812266 0.291417 0.773692 0.308474 0.650657 0.498823 0.182729 0.258753 0.086050 0.581947 0.102729 0.297124 0.992616
0.172995 0.696573 1.333359 0.685632 0.845030 0.523236 0.884098 0.191724 0.582585 0.673264 0.342811 0.298185 0.141154 0.427801 0.686802
0.113028 1.538487 1.394538 0.467928 0.953313 0.603051 0.179800 0.648431 0.953216 0.926133 0.188928 0.251304 0.897773 0.014024 0.434071
0.926318 0.000000 1.544085 0.655999 0.000000 0.133183 0.472640 0.294091 0.277065 0.000000 0.429523 0.000000 0.331010 0.625221 0.654990
1.156652 0.283496 1.287390 0.524777 0.153019 0.057725 0.717184 0.100082 0.688659 0.599232 0.425798 0.768412 0.667234 0.898987 0.297823
0.204482 0.041448 1.757296 0.924767 0.127315 0.426838 0.518517 0.049720 0.663497 0.777489 0.889830 0.630849 0.059196 0.652578 0.233951
0.006674 1.875144 0.321556 0.108117 0.997734 0.109877 0.274285 0.338415 0.076739 0.065192 0.581889 0.276089 0.350376 0.273509 0.082223
0.378141 0.158137 1.479427 0.827940 0.252161 0.736705 0.390989 0.385091 0.764984 0.885612 0.123190 0.432603 0.309129 0.564700 0.280958
0.709178 0.502163 1.393829 0.645100 0.392244 0.696821 0.264073 0.786515 0.456483 0.640330 0.698872 0.076201 0.647722 0.239562 0.131714
0.354032 0.233661 1.550598 0.830003 0.371386 0.211759 0.683743 0.322149 0.538737 0.583470 0.430840 0.878172 0.125916 0.903441 0.488672
0.577422 0.107613 1.612508 0.777618 0.117300 0.471257 0.109736 0.250647 0.810023 0.843954 0.330377 0.880920 0.320695 0.314053 0.714068
0.148390 0.393148 1.421988 0.817075 0.770238 0.101414 0.638593 0.439540 0.641124 0.795044 0.776908 0.566703 0.182311 0.392148 0.519824
1.225683 1.482253 0.081255 0.026879 0.560138 0.779506 0.682102 0.874513 0.072945 0.868301 0.217843 0.344440 0.333002 0.971359 0.540553
1.314316 0.630995 0.872457 0.343301 0.284949 0.259053 0.601221 0.203598 0.509490 0.108811 0.781276 0.499703 0.825943 0.799893 0.838352
0.182843 1.499369 1.159195 0.416710 0.922748 0.706528 0.715781 0.868668 0.771790 0.187225 0.476721 0.639654 0.195827 0.001539 0.882304
1.419617 0.000000 0.000000 0.000000 0.000000 0.885913 0.182121 0.458567 0.665436 0.312958 0.476550 0.487149 0.371524 0.231016 0.626480
1.252048 0.000000 1.353506 0.524777 0.000000 0.057725 0.717184 0.000000 0.688659 0.599232 0.425798 0.768412 0.667234 0.898987 0.297823
1.325579 0.000000 1.189529 0.465597 0.000000 0.954567 0.000000 0.238817 0.622095 0.779954 0.336231 0.508929 0.805558 0.295216 0.526809
1.324296 0.000000 1.282904 0.489894 0.000000 0.057725 0.717184 0.000000 0.688659 0.599232 0.425798 0.768412 0.667234 0.898987 0.297823
0.585438 0.000000 1.607220 0.777618 0.000000 0.471257 0.117014 0.250647 0.810023 0.843954 0.330377 0.880920 0.320695 0.314053 0.714068
0.510299 0.000000 1.726807 0.817075 0.000000 0.101414 0.638593 0.439540 0.641124 0.795044 0.000000 0.566703 0.000000 0.415814 0.519824
0.004324 0.000000 2.402133 0.998854 0.000000 0.458965 0.000000 0.840714 0.418677 0.169360 0.878918 0.000000 0.731139 0.029441 0.000000
0.002346 0.000000 2.605758 0.999427 0.000000 0.000000 0.000000 0.682528 0.000000 0.695613 0.736319 0.000000 0.036310 0.615427 0.000000
0.004823 0.000000 1.976122 0.998446 0.000000 0.458965 0.527671 0.840714 0.418677 0.000000 0.000000 0.010058 0.731139 0.280764 0.402808
0.000000 0.000000 3.226745 1.000000 0.000000 0.000000 0.000000 0.000000 0.000000 0.000000 0.000000 0.000000 0.058177 0.322413 0.000000
0.000001 0.000000 3.040340 1.000000 0.000000 0.000000 0.161996 0.000000 0.000000 0.119795 0.000000 0.000000 0.000000 0.322413 0.000000
0.000087 0.000000 2.671938 0.999979 0.000000 0.000000 0.117014 0.250521 0.745232 0.843954 0.000000 0.000000 0.000000 0.314053 0.000000
0.000475 0.000000 2.615667 0.999884 0.000000 0.859453 0.000000 0.682528 0.000000 0.695613 0.000000 0.074271 0.036310 0.636481 0.000000
0.760776 1.527451 0.840685 0.291417 0.705817 0.308474 0.650657 0.498823 0.182729 0.258753 0.086050 0.581947 0.000000 0.577200 0.000000
0.000757 0.006125 2.528593 0.998446 0.921742 0.458965 0.527671 0.840714 0.418677 0.095761 0.000000 0.010058 0.000000 0.000000 0.000000
0.398796 1.823835 0.000000 0.000000 0.862955 0.000000 0.475541 0.294091 0.277065 0.962860 0.429523 0.450567 0.331010 0.000000 0.654990
1.312801 0.416374 1.235896 0.465597 0.195524 0.954567 0.902743 0.238817 0.622095 0.779954 0.336231 0.525829 0.000000 0.295216 0.526809
0.552028 1.740592 1.368822 0.409509 0.804484 0.000000 0.647202 0.463536 0.574213 0.000000 0.293130 0.922098 0.000000 0.000000 0.319300
0.126969 1.728250 1.566545 0.467928 0.953313 0.603051 0.179800 0.648431 0.990161 0.000000 0.000000 0.251304 0.897773 0.014024 0.434071
0.195919 0.896008 1.528849 0.655999 0.862955 0.152635 0.475541 0.294091 0.277065 0.000000 0.000000 0.464748 0.331010 0.625221 0.654990
0.016610 2.014287 0.000000 0.000000 0.994751 0.911143 0.000000 0.363507 0.000000 0.453936 0.301111 0.884444 0.794086 0.288702 0.422045
0.962177 1.108650 0.756504 0.302935 0.544954 0.606523 0.768778 0.506183 0.432278 0.583746 0.399065 0.120157 0.937205 0.042829 0.539634
0.000824 2.527187 0.000000 0.000000 0.999792 0.000000 0.274285 0.338415 0.000000 0.000000 0.581889 0.276089 0.000000 0.017218 0.099737
0.000051 2.823995 0.000000 0.000000 0.999989 0.000000 0.000000 0.338415 0.000000 0.000000 0.000000 0.340318 0.350376 0.000000 0.000000
0.182843 1.499369 1.159195 0.416710 0.922748 0.706528 0.715781 0.868668 0.771790 0.187225 0.476721 0.639654 0.195827 0.001539 0.882304
0.007509 2.109767 0.000000 0.000000 0.997734 0.109877 0.274285 0.338415 0.000000 0.000000 0.581889 0.276089 0.350376 0.273509 0.000000
0.002972 1.284938 2.199005 0.663345 0.998527 0.000000 0.464712 0.363507 0.000000 0.000000 0.355270 0.000000 0.000000 0.000000 0.422045
0.402154 0.265421 1.761366 0.830003 0.371386 0.211759 0.683743 0.000000 0.538737 0.583470 0.430840 0.878172 0.125916 0.903441 0.483512
0.004083 2.117791 0.000000 0.000000 0.998772 0.000000 0.274285 0.338415 0.000000 0.000000 0.581889 0.276089 0.350376 0.273509 0.099737
0.961373 0.859666 1.038313 0.431527 0.464481 0.096533 0.124096 0.663810 0.896293 0.639651 0.230642 0.594463 0.609848 0.644815 0.683619
1.209155 1.393226 0.603109 0.201157 0.544954 0.606523 0.768778 0.506183 0.432278 0.583746 0.399065 0.120157 0.937205 0.000000 0.000000
0.495767 0.131239 1.515256 0.792238 0.164747 0.198803 0.481634 0.428680 0.971485 0.276411 0.469000 0.306908 0.928687 0.532220 0.590555
1.225371 1.696053 0.000000 0.000000 0.601694 0.507578 0.332142 0.742835 0.402806 0.000000 0.411220 0.940993 0.976651 0.000000 0.242713
0.485168 0.202895 1.898154 0.827940 0.252161 0.736705 0.436675 0.000000 0.764984 0.885612 0.123190 0.426887 0.309129 0.583306 0.000000
1.392639 1.051763 0.000000 0.000000 0.411791 0.885913 0.182121 0.458567 0.665436 0.312958 0.114690 0.487149 0.371524 0.000000 0.626480
