0.000142 2.375743 0.000000 0.000000 0.999962 0.109877 0.000000 0.338415 0.076739 0.065192 0.581889 0.276089 0.350376 0.000000 0.000000
1.574287 0.000000 0.000000 0.000000 0.000000 0.152635 0.463611 0.294091 0.151871 0.962860 0.429523 0.464748 0.331010 0.625221 0.654990
0.000424 0.000000 2.593905 0.999896 0.000000 0.952172 0.000000 0.687530 0.000000 0.695613 0.736319 0.000000 0.000000 0.600834 0.000000
0.004868 0.000000 1.994423 0.998446 0.000000 0.458965 0.527671 0.840714 0.418677 0.095761 0.112278 0.000000 0.038645 0.211473 0.402808
0.000101 2.891925 0.000000 0.000000 0.999978 0.000000 0.000000 0.000000 0.000000 0.130052 0.000000 0.276089 0.350376 0.000000 0.072753
0.146650 1.748802 0.000000 0.000000 0.946739 0.844460 0.852555 0.929630 0.346420 0.654827 0.603791 0.678297 0.374270 0.031303 0.542489
0.148390 0.393148 1.421988 0.817075 0.770238 0.101414 0.638593 0.439540 0.641124 0.795044 0.776908 0.566703 0.182311 0.392148 0.519824
0.000002 3.377563 0.000000 0.000000 1.000000 0.055236 0.000000 0.000000 0.076033 0.000000 0.000000 0.000000 0.000000 0.000000 0.000000
0.405782 0.000000 1.373133 0.817075 0.000000 0.101414 0.638593 0.543420 0.641124 0.795044 0.676250 0.513717 0.182311 0.392148 0.533076
0.000170 0.000000 3.140731 0.999966 0.000000 0.000000 0.000000 0.000000 0.849433 0.000000 0.000000 0.000000 0.000000 0.636481 0.000000
0.007509 2.109767 0.000000 0.000000 0.997734 0.109877 0.274285 0.338415 0.000000 0.000000 0.581889 0.276089 0.350376 0.273509 0.000000
1.156652 0.283496 1.287390 0.524777 0.153019 0.057725 0.717184 0.100082 0.688659 0.599232 0.425798 0.768412 0.667234 0.898987 0.297823
1.329241 1.396665 0.088380 0.029161 0.515743 0.159718 0.000000 0.893308 0.364964 0.427050 0.311093 0.383318 0.719721 0.696223 0.000000
1.390214 0.984398 0.000000 0.000000 0.392244 0.685839 0.275499 0.786515 0.456483 0.640330 0.698872 0.000000 0.647722 0.239562 0.131714
0.924660 0.698331 0.820152 0.392121 0.411791 0.885913 0.182121 0.458567 0.665436 0.312958 0.476550 0.487149 0.371524 0.231016 0.626480
1.255242 1.318912 0.702638 0.234465 0.515743 0.142964 0.291951 0.886223 0.361513 0.427050 0.287137 0.383318 0.719721 0.000000 0.000000
0.006674 1.875144 0.321556 0.108117 0.997734 0.109877 0.274285 0.338415 0.076739 0.065192 0.581889 0.276089 0.350376 0.273509 0.082223
0.410334 1.293819 1.017474 0.409509 0.804484 0.179269 0.647202 0.463536 0.574213 0.993200 0.293130 0.867650 0.264397 0.264193 0.319300
0.336285 1.537951 0.000000 0.000000 0.862955 0.152635 0.463611 0.294091 0.151871 0.962860 0.429523 0.464748 0.331010 0.625221 0.654990
1.369681 0.637242 0.467793 0.191174 0.277224 0.502480 0.398997 0.537929 0.955096 0.329580 0.662735 0.540402 0.143181 0.378733 0.904341
0.000004 3.255382 0.000000 0.000000 0.999999 0.000000 0.000000 0.000000 0.000000 0.000000 0.000000 0.398649 0.000000 0.000000 0.004914
0.796037 1.014687 1.038313 0.431527 0.576503 0.096533 0.124096 0.663810 0.896293 0.639651 0.230642 0.594463 0.609848 0.644815 0.683619
1.042597 1.443073 0.000000 0.000000 0.601694 0.507578 0.332142 0.742835 0.447712 0.454396 0.411220 0.940993 0.976651 0.593440 0.000000
0.000004 2.768003 0.474663 0.108117 0.999999 0.000000 0.000000 0.338415 0.000000 0.041990 0.000000 0.276089 0.350376 0.000000 0.000000
0.109437 1.690073 1.341364 0.426441 0.958835 0.777326 0.001417 0.135185 0.340473 0.747165 0.909824 0.570545 0.578804 0.956180 0.977590
0.000534 0.004319 1.783110 0.998446 0.921742 0.458965 0.527671 0.840714 0.418677 0.095761 0.878918 0.010058 0.731139 0.280764 0.402808
0.000004 2.992432 0.000000 0.000000 0.999999 0.000000 0.000000 0.000000 0.000000 0.041990 0.000000 0.398649 0.350376 0.000000 0.000000
1.317529 0.000000 1.285580 0.492187 0.000000 0.456110 0.767660 0.140164 0.302596 0.000000 0.691266 0.574317 0.000000 0.456316 0.265944
0.000269 0.000000 2.873063 0.999940 0.000000 0.000000 0.000000 0.682528 0.849433 0.000000 0.000000 0.053888 0.000000 0.636481 0.000000
1.507475 0.000000 1.066992 0.392121 0.000000 0.906260 0.182121 0.458567 0.665436 0.312958 0.476550 0.487149 0.000000 0.000000 0.626480
0.000171 0.002925 2.480593 0.999248 0.962878 0.000000 0.527671 0.000000 0.418677 0.000000 0.151108 0.000000 0.731139 0.280764 0.000000
0.000002 0.002854 3.248807 0.999441 0.999528 0.000000 0.000000 0.000000 0.406374 0.000000 0.000000 0.010058 0.000000 0.000000 0.000000
1.561929 0.000000 0.804933 0.302935 0.000000 0.606523 0.768778 0.506183 0.432278 0.583746 0.399065 0.000000 0.937205 0.042829 0.539634
0.590204 1.169116 1.195952 0.471132 0.702378 0.428450 0.767660 0.118906 0.302596 0.977307 0.691266 0.587247 0.086952 0.376799 0.265944
0.301366 1.545173 0.000000 0.000000 0.877375 0.152635 0.463611 0.294091 0.151871 0.962860 0.429523 0.464748 0.331010 0.625221 0.654990
0.182843 1.499369 1.159195 0.416710 0.922748 0.706528 0.715781 0.868668 0.771790 0.187225 0.476721 0.639654 0.195827 0.001539 0.882304
0.000798 0.000000 2.579513 0.999803 0.000000 0.458965 0.527671 0.840714 0.051078 0.000000 0.000000 0.000000 0.000000 0.000000 0.402808
0.000144 0.002461 2.806318 0.999441 0.962878 0.000000 0.000000 0.000000 0.406374 0.000000 0.000000 0.010058 0.000000 0.280764 0.402808
0.246663 0.000000 1.633450 0.904587 0.000000 0.502199 0.332142 0.742835 0.447712 0.454396 0.411220 0.000000 0.976651 0.593440 0.242713
0.000139 2.327866 0.399188 0.108117 0.999962 0.128115 0.000000 0.338415 0.076739 0.065192 0.581889 0.276089 0.350376 0.000000 0.000000
0.000022 0.003695 3.128337 0.999248 0.996193 0.000000 0.000000 0.000000 0.418677 0.000000 0.151108 0.000000 0.000000 0.000000 0.000000
0.002069 0.000194 2.308681 0.999427 0.059498 0.952172 0.012525 0.682528 0.849433 0.695613 0.736319 0.912321 0.036310 0.636481 0.038031
0.000424 0.005686 2.336020 0.998446 0.952612 0.458965 0.527671 0.840714 0.000000 0.095761 0.000000 0.007560 0.731139 0.000000 0.409668
1.429221 0.000000 1.150661 0.431527 0.000000 0.096533 0.124096 0.663810 0.896293 0.639651 0.000000 0.594463 0.617350 0.644815 0.683619
1.344483 0.000000 1.227765 0.471132 0.000000 0.456110 0.767660 0.140164 0.302596 0.977307 0.691266 0.587247 0.000000 0.456316 0.265944
1.547806 0.615265 0.651114 0.237237 0.240869 0.615054 0.888438 0.568743 0.133011 0.564116 0.613162 0.063246 0.026548 0.313522 0.365010
1.362197 1.337026 0.000000 0.000000 0.494063 0.000000 0.757370 0.506183 0.432278 0.554110 0.455595 0.147940 0.000000 0.042829 0.497529
0.113028 1.538487 1.394538 0.467928 0.953313 0.603051 0.179800 0.648431 0.953216 0.926133 0.188928 0.251304 0.897773 0.014024 0.434071
0.139602 0.193226 1.578599 0.904587 0.601694 0.507578 0.332142 0.742835 0.447712 0.454396 0.411220 0.940993 0.976651 0.593440 0.242713
0.030099 0.849072 1.628305 0.693841 0.977442 0.163688 0.599075 0.820405 0.165580 0.518202 0.793002 0.985070 0.913645 0.498632 0.581448
0.145020 0.695698 1.320204 0.685632 0.869169 0.523236 0.884098 0.191724 0.582585 0.622803 0.342811 0.298185 0.141154 0.427801 0.686802
0.711032 0.340480 1.370129 0.667607 0.284307 0.898225 0.355470 0.692698 0.214919 0.676116 0.384139 0.554215 0.396185 0.473727 0.026694
0.000335 0.005746 2.358351 0.998446 0.962878 0.000000 0.527671 0.000000 0.418677 0.000000 0.000000 0.010058 0.731139 0.280764 0.402808
0.204482 0.041448 1.757296 0.924767 0.127315 0.426838 0.518517 0.049720 0.663497 0.777489 0.889830 0.630849 0.059196 0.652578 0.233951
0.847479 1.439978 0.254300 0.096154 0.661352 0.360789 0.471012 0.814193 0.088138 0.404221 0.528868 0.643132 0.096429 0.138060 0.777786
0.378141 0.158137 1.479427 0.827940 0.252161 0.736705 0.390989 0.385091 0.764984 0.885612 0.123190 0.432603 0.309129 0.564700 0.280958
0.354032 0.233661 1.550598 0.830003 0.371386 0.211759 0.683743 0.322149 0.538737 0.583470 0.430840 0.878172 0.125916 0.903441 0.488672
0.007105 0.861606 1.474573 0.663345 0.994751 0.911143 0.515312 0.363507 0.060376 0.453936 0.301111 0.884444 0.794086 0.288702 0.422045
1.314316 0.630995 0.872457 0.343301 0.284949 0.259053 0.601221 0.203598 0.509490 0.108811 0.781276 0.499703 0.825943 0.799893 0.838352
1.221333 0.168934 1.348191 0.528402 0.087501 0.596971 0.436334 0.972880 0.818777 0.898175 0.315499 0.647774 0.293965 0.641329 0.959817
0.962177 1.108650 0.756504 0.302935 0.544954 0.606523 0.768778 0.506183 0.432278 0.583746 0.399065 0.120157 0.937205 0.042829 0.539634
1.191825 0.491604 1.156913 0.465597 0.249058 0.954567 0.947859 0.238817 0.622095 0.779954 0.336231 0.525829 0.805558 0.295216 0.526809
0.165063 0.754891 1.288061 0.655999 0.862955 0.152635 0.475541 0.294091 0.277065 0.962860 0.429523 0.464748 0.331010 0.625221 0.654990
0.165713 0.385620 1.420291 0.817075 0.741613 0.101414 0.638593 0.543420 0.641124 0.795044 0.776908 0.566703 0.182311 0.392148 0.519824
0.000112 2.705881 0.464011 0.108117 0.999974 0.000000 0.000000 0.338415 0.076739 0.033529 0.000000 0.276089 0.350376 0.000000 0.000000
0.016126 1.955671 0.000000 0.000000 0.994751 0.911143 0.515312 0.363507 0.060376 0.000000 0.301111 0.884444 0.794086 0.288702 0.422045
0.000423 0.000040 2.596156 0.999896 0.059498 0.952172 0.000000 0.682528 0.000000 0.695613 0.736319 0.000000 0.000000 0.619455 0.000000
0.002284 0.000000 2.537562 0.999427 0.000000 0.952172 0.000000 0.654018 0.000000 0.695613 0.736319 0.000000 0.036310 0.516205 0.000000
0.000113 2.721450 0.000000 0.000000 0.999974 0.000000 0.000000 0.338415 0.000000 0.114757 0.026286 0.276089 0.350376 0.000000 0.000000
0.000002 3.447815 0.000000 0.000000 1.000000 0.055236 0.000000 0.000000 0.000000 0.000000 0.000000 0.000000 0.000000 0.000000 0.000000
1.555466 0.744840 0.000000 0.000000 0.284307 0.000000 0.340443 0.692698 0.214919 0.780879 0.384139 0.554215 0.396185 0.473727 0.026694
1.351221 1.419759 0.000000 0.000000 0.515743 0.142964 0.291951 0.893308 0.364964 0.000000 0.311093 0.383318 0.719721 0.696223 0.979804
1.155615 1.437508 0.000000 0.000000 0.568935 0.507578 0.332142 0.742835 0.447712 0.000000 0.411220 0.940993 0.976651 0.593440 0.242713
1.247509 1.437418 0.000000 0.000000 0.544954 0.606523 0.768778 0.500467 0.432278 0.602352 0.399065 0.120157 0.937205 0.042829 0.000000
1.630978 0.029241 0.071924 0.028051 0.011412 0.740837 0.681386 0.898729 0.737212 0.265425 0.648740 0.789706 0.388879 0.597453 0.120865
0.580817 1.538826 0.000000 0.000000 0.770238 0.100409 0.638593 0.439540 0.641124 0.000000 0.776908 0.566703 0.182311 0.400544 0.519824
0.709178 0.502163 1.393829 0.645100 0.392244 0.696821 0.264073 0.786515 0.456483 0.640330 0.698872 0.076201 0.647722 0.239562 0.131714
0.205590 0.595035 1.529862 0.751472 0.788216 0.101414 0.638593 0.543420 0.641124 0.795044 0.000000 0.566703 0.182311 0.392148 0.519824
0.007385 2.075047 0.330581 0.100576 0.997734 0.109877 0.274285 0.338415 0.076739 0.065192 0.581889 0.276089 0.350376 0.000000 0.082223
0.758032 1.487651 1.053003 0.358206 0.699988 0.378958 0.354290 0.088700 0.896341 0.341478 0.050063 0.133366 0.234298 0.918388 0.435287
1.391155 1.050642 0.000000 0.000000 0.411791 0.000000 0.182121 0.458567 0.000000 0.312958 0.476550 0.487149 0.371524 0.231016 0.626480
0.192470 0.880232 1.501930 0.655999 0.862955 0.152635 0.000000 0.294091 0.277065 0.962860 0.429523 0.464748 0.331010 0.625221 0.654990
1.280145 0.616661 1.295741 0.470684 0.285785 0.662321 0.037188 0.982361 0.199502 0.346263 0.645817 0.269806 0.696782 0.868334 0.795332
1.634699 0.000000 0.000000 0.000000 0.000000 0.146609 0.638593 0.543420 0.000000 0.795044 0.676250 0.513717 0.182311 0.364364 0.533076
0.990493 0.748049 0.878544 0.392121 0.411791 0.000000 0.182121 0.458567 0.665436 0.312958 0.476550 0.487149 0.371524 0.231016 0.626480
1.255242 1.318912 0.702638 0.234465 0.515743 0.142964 0.291951 0.886223 0.361513 0.427050 0.287137 0.383318 0.719721 0.000000 0.000000
1.331290 1.398818 0.088517 0.029161 0.515743 0.159718 0.000000 0.893308 0.364964 0.427050 0.311093 0.383318 0.726389 0.696223 0.000000
1.016314 1.067865 0.876940 0.341632 0.515743 0.142964 0.291951 0.893308 0.364964 0.427050 0.311093 0.383318 0.719721 0.696223 0.979804
0.163409 1.948645 0.000000 0.000000 0.946739 0.844460 0.043619 0.000000 0.289284 0.654827 0.603791 0.678297 0.374270 0.000000 0.542489
0.524662 0.000000 1.567793 0.794413 0.000000 0.101414 0.638593 0.543420 0.641124 0.795044 0.676250 0.513717 0.229005 0.392148 0.000000
1.582161 0.661652 0.000000 0.000000 0.252161 0.736705 0.390989 0.385091 0.000000 0.885612 0.123190 0.432603 0.309129 0.564700 0.280958
1.581822 0.000000 1.273519 0.431527 0.000000 0.000000 0.000000 0.663810 0.896293 0.639651 0.000000 0.594463 0.617350 0.644815 0.683619
