1.392621 0.000000 0.000000 0.000000 0.000000 0.885913 0.182121 0.458567 0.665436 0.312958 0.476550 0.487149 0.371524 0.287030 0.626480
0.002064 0.000000 1.952771 0.999327 0.000000 0.458965 0.527671 0.832330 0.418677 0.095761 0.878918 0.000000 0.731139 0.280764 0.081924
0.405782 0.000000 1.373133 0.817075 0.000000 0.101414 0.638593 0.543420 0.641124 0.795044 0.676250 0.513717 0.182311 0.392148 0.533076
0.000154 0.000000 2.615446 0.999963 0.000000 0.458965 0.000000 0.832330 0.418677 0.000000 0.000000 0.000000 0.641469 0.000000 0.023878
0.000000 0.000012 3.453998 0.999998 0.999552 0.000000 0.000000 0.000000 0.000000 0.000000 0.000000 0.048338 0.000000 0.000000 0.000000
0.000000 3.081875 0.000000 0.000000 1.000000 0.000000 0.000000 0.000000 0.042594 0.000000 0.000000 0.000000 0.350376 0.000000 0.183351
0.000004 2.716678 0.000000 0.000000 0.999999 0.000000 0.000000 0.338415 0.000000 0.041990 0.102166 0.276089 0.350376 0.000000 0.000000
0.000008 0.000000 2.842330 0.999998 0.000000 0.000000 0.527671 0.000000 0.000000 0.000000 0.000000 0.000000 0.722931 0.295387 0.000000
0.000003 0.000000 3.384343 0.999999 0.000000 0.000000 0.000000 0.000000 0.113822 0.000000 0.000000 0.015016 0.000000 0.000000 0.000000
0.000028 0.000000 2.687188 0.999993 0.000000 0.458965 0.527671 0.870246 0.000000 0.000000 0.000000 0.068523 0.833891 0.000000 0.000000
0.000000 3.325031 0.000000 0.000000 1.000000 0.000000 0.099062 0.000000 0.000000 0.000000 0.094685 0.000000 0.000000 0.000000 0.000000
0.318481 1.456526 0.000000 0.000000 0.862955 0.152635 0.463611 0.294091 0.302856 0.962860 0.429523 0.464748 0.334056 0.625221 0.654990
0.006841 1.922320 0.000000 0.000000 0.997734 0.109877 0.274285 0.338415 0.076739 0.065192 0.581889 0.276089 0.294591 0.273509 0.082223
0.000000 0.000066 3.371349 0.999987 0.999552 0.000000 0.151648 0.000000 0.000000 0.000000 0.000000 0.000000 0.000000 0.000000 0.000000
0.000000 0.000066 3.153092 0.999987 0.999528 0.000000 0.056817 0.000887 0.000000 0.090706 0.098937 0.000000 0.000000 0.000000 0.140564
1.124428 1.311287 0.000000 0.000000 0.548744 0.000000 0.182121 0.458567 0.523916 0.312958 0.523167 0.487149 0.000000 0.231016 0.626480
0.584733 1.360690 0.000000 0.000000 0.741613 0.101414 0.638593 0.543420 0.641124 0.795044 0.776908 0.566703 0.182311 0.392148 0.519824
0.109437 1.690073 1.341364 0.426441 0.958835 0.777326 0.001417 0.135185 0.340473 0.747165 0.909824 0.570545 0.578804 0.956180 0.977590
0.924660 0.698331 0.820152 0.392121 0.411791 0.885913 0.182121 0.458567 0.665436 0.312958 0.476550 0.487149 0.371524 0.231016 0.626480
0.141798 0.680245 1.290878 0.685632 0.869169 0.523236 0.841442 0.191724 0.566811 0.622803 0.342811 0.298185 0.141154 0.427801 0.686802
0.786957 0.000000 1.311783 0.655999 0.000000 0.114869 0.475541 0.294091 0.277065 0.962860 0.429523 0.464748 0.331010 0.625221 0.654990
1.132843 0.855557 0.000000 0.000000 0.411791 0.885913 0.182121 0.458567 0.665436 0.312958 0.476550 0.487149 0.371524 0.231016 0.626480
0.000593 1.990349 0.341309 0.108117 0.999810 0.078243 0.274285 0.338415 0.076739 0.000000 0.581889 0.276089 0.270572 0.273509 0.082223
0.000000 2.987466 0.011289 0.002406 1.000000 0.026955 0.000000 0.000000 0.124418 0.000000 0.000000 0.000000 0.350376 0.000000 0.183351
0.000001 2.767786 0.000000 0.000000 1.000000 0.000000 0.099018 0.000000 0.049595 0.041990 0.000000 0.410616 0.350376 0.000000 0.095049
0.000141 2.364952 0.000000 0.000000 0.999962 0.109877 0.000000 0.338415 0.072383 0.065192 0.581889 0.276089 0.329369 0.000000 0.021696
0.000534 0.004319 1.783110 0.998446 0.921742 0.458965 0.527671 0.840714 0.418677 0.095761 0.878918 0.010058 0.731139 0.280764 0.402808
0.182843 1.499369 1.159195 0.416710 0.922748 0.706528 0.715781 0.868668 0.771790 0.187225 0.476721 0.639654 0.195827 0.001539 0.882304
0.000704 0.000000 2.277218 0.999803 0.000000 0.458965 0.000000 0.832330 0.418677 0.095761 0.878918 0.000000 0.731139 0.280764 0.000000
0.000618 2.074445 0.000000 0.000000 0.999810 0.078243 0.312542 0.338415 0.000000 0.000000 0.581889 0.276089 0.270572 0.273509 0.082223
0.001757 0.000000 2.083271 0.999463 0.000000 0.458965 0.543274 0.000000 0.431304 0.095761 0.878918 0.000000 0.731139 0.280764 0.091933
0.000023 0.000395 2.635644 0.999905 0.962878 0.000000 0.527671 0.000000 0.000000 0.097926 0.151108 0.000000 0.731139 0.280764 0.000000
0.246663 0.000000 1.633450 0.904587 0.000000 0.502199 0.332142 0.742835 0.447712 0.454396 0.411220 0.000000 0.976651 0.593440 0.242713
1.344483 0.000000 1.227765 0.471132 0.000000 0.456110 0.767660 0.140164 0.302596 0.977307 0.691266 0.587247 0.000000 0.456316 0.265944
0.000052 0.006401 2.622762 0.998446 0.994798 0.458965 0.582967 0.840714 0.410146 0.000000 0.000000 0.010058 0.000000 0.000000 0.000000
0.165713 0.385620 1.420291 0.817075 0.741613 0.101414 0.638593 0.543420 0.641124 0.795044 0.776908 0.566703 0.182311 0.392148 0.519824
0.148390 0.393148 1.421988 0.817075 0.770238 0.101414 0.638593 0.439540 0.641124 0.795044 0.776908 0.566703 0.182311 0.392148 0.519824
0.000112 2.702790 0.463480 0.108117 0.999974 0.000000 0.000000 0.371978 0.076739 0.028457 0.000000 0.276089 0.344395 0.000000 0.000000
0.003410 1.010777 1.729819 0.663345 0.997852 0.911143 0.515312 0.363507 0.060376 0.453936 0.000000 0.000000 0.763566 0.288702 0.422045
0.000103 0.005692 2.332724 0.998446 0.988523 0.458965 0.503260 0.840714 0.410146 0.095761 0.000000 0.010058 0.731139 0.000000 0.000000
0.007105 0.861606 1.474573 0.663345 0.994751 0.911143 0.515312 0.363507 0.060376 0.453936 0.301111 0.884444 0.794086 0.288702 0.422045
0.000422 0.000000 2.577401 0.999896 0.000000 0.952172 0.000000 0.687530 0.016786 0.695613 0.736319 0.000000 0.000000 0.600834 0.000000
0.139111 0.192545 1.573042 0.904587 0.601694 0.507578 0.332142 0.742835 0.447712 0.454396 0.411220 0.940993 0.976651 0.593440 0.253878
0.590204 1.169116 1.195952 0.471132 0.702378 0.428450 0.767660 0.118906 0.302596 0.977307 0.691266 0.587247 0.086952 0.376799 0.265944
0.030099 0.849072 1.628305 0.693841 0.977442 0.163688 0.599075 0.820405 0.165580 0.518202 0.793002 0.985070 0.913645 0.498632 0.581448
0.000171 0.002925 2.480593 0.999248 0.962878 0.000000 0.527671 0.000000 0.418677 0.000000 0.151108 0.000000 0.731139 0.280764 0.000000
1.191825 0.491604 1.156913 0.465597 0.249058 0.954567 0.947859 0.238817 0.622095 0.779954 0.336231 0.525829 0.805558 0.295216 0.526809
0.146650 1.748802 0.000000 0.000000 0.946739 0.844460 0.852555 0.929630 0.346420 0.654827 0.603791 0.678297 0.374270 0.031303 0.542489
0.301366 1.545173 0.000000 0.000000 0.877375 0.152635 0.463611 0.294091 0.151871 0.962860 0.429523 0.464748 0.331010 0.625221 0.654990
0.410334 1.293819 1.017474 0.409509 0.804484 0.179269 0.647202 0.463536 0.574213 0.993200 0.293130 0.867650 0.264397 0.264193 0.319300
1.156652 0.283496 1.287390 0.524777 0.153019 0.057725 0.717184 0.100082 0.688659 0.599232 0.425798 0.768412 0.667234 0.898987 0.297823
0.343551 0.226744 1.504695 0.830003 0.371386 0.211759 0.683743 0.322149 0.538737 0.583470 0.430840 0.878172 0.196109 0.903441 0.488672
1.317529 0.000000 1.285580 0.492187 0.000000 0.456110 0.767660 0.140164 0.302596 0.000000 0.691266 0.574317 0.000000 0.456316 0.265944
0.796037 1.014687 1.038313 0.431527 0.576503 0.096533 0.124096 0.663810 0.896293 0.639651 0.230642 0.594463 0.609848 0.644815 0.683619
0.000424 0.005686 2.336020 0.998446 0.952612 0.458965 0.527671 0.840714 0.000000 0.095761 0.000000 0.007560 0.731139 0.000000 0.409668
0.000139 2.321554 0.398105 0.108117 0.999962 0.128115 0.000000 0.338415 0.076739 0.065192 0.482641 0.276089 0.350376 0.000000 0.000000
0.006674 1.875144 0.321556 0.108117 0.997734 0.109877 0.274285 0.338415 0.076739 0.065192 0.581889 0.276089 0.350376 0.273509 0.082223
1.369681 0.637242 0.467793 0.191174 0.277224 0.502480 0.398997 0.537929 0.955096 0.329580 0.662735 0.540402 0.143181 0.378733 0.904341
0.113028 1.538487 1.394538 0.467928 0.953313 0.603051 0.179800 0.648431 0.953216 0.926133 0.188928 0.251304 0.897773 0.014024 0.434071
0.711032 0.340480 1.370129 0.667607 0.284307 0.898225 0.355470 0.692698 0.214919 0.676116 0.384139 0.554215 0.396185 0.473727 0.026694
0.204482 0.041448 1.757296 0.924767 0.127315 0.426838 0.518517 0.049720 0.663497 0.777489 0.889830 0.630849 0.059196 0.652578 0.233951
0.378141 0.158137 1.479427 0.827940 0.252161 0.736705 0.390989 0.385091 0.764984 0.885612 0.123190 0.432603 0.309129 0.564700 0.280958
1.314316 0.630995 0.872457 0.343301 0.284949 0.259053 0.601221 0.203598 0.509490 0.108811 0.781276 0.499703 0.825943 0.799893 0.838352
0.962177 1.108650 0.756504 0.302935 0.544954 0.606523 0.768778 0.506183 0.432278 0.583746 0.399065 0.120157 0.937205 0.042829 0.539634
0.165063 0.754891 1.288061 0.655999 0.862955 0.152635 0.475541 0.294091 0.277065 0.962860 0.429523 0.464748 0.331010 0.625221 0.654990
0.408152 1.297129 1.019347 0.409509 0.805926 0.179269 0.647202 0.433278 0.574213 0.993200 0.293130 0.867650 0.264397 0.264193 0.319300
0.004550 0.000000 1.864146 0.998446 0.000000 0.458965 0.527671 0.870246 0.418677 0.095761 0.946577 0.068523 0.833891 0.280764 0.402808
0.000409 0.000081 2.547198 0.999896 0.125198 0.000000 0.000000 0.687530 0.016786 0.695613 0.736319 0.000000 0.082560 0.600834 0.000000
0.000694 0.000000 2.435001 0.999819 0.000000 0.420278 0.543274 0.000000 0.431304 0.142747 0.878918 0.000000 0.015928 0.000000 0.091933
0.000000 0.000234 3.113365 0.999952 0.999528 0.000000 0.084749 0.000000 0.386457 0.000000 0.000000 0.014881 0.000000 0.055193 0.005180
0.000004 0.000000 3.079723 0.999999 0.000000 0.000000 0.096495 0.000000 0.000000 0.000000 0.000000 0.000000 0.000000 0.600834 0.104097
0.000000 0.000017 3.386922 0.999997 0.999552 0.000000 0.000000 0.072304 0.000000 0.000000 0.000000 0.048338 0.000000 0.000000 0.000000
0.000600 2.013426 0.573433 0.176635 0.999810 0.078243 0.274285 0.338415 0.000000 0.000000 0.599733 0.276089 0.270572 0.273509 0.082223
0.000000 3.077843 0.157582 0.032566 1.000000 0.000000 0.000000 0.000000 0.042594 0.000000 0.000000 0.000000 0.350376 0.000000 0.183351
0.554276 1.747678 1.089325 0.341289 0.804484 0.000000 0.539010 0.463536 0.574213 0.993200 0.293130 0.000000 0.000000 0.264193 0.319300
0.786957 0.000000 1.311783 0.655999 0.000000 0.114869 0.475541 0.294091 0.277065 0.962860 0.429523 0.464748 0.331010 0.625221 0.654990
0.129757 1.766199 1.600943 0.467928 0.953313 0.000000 0.179800 0.648431 0.953216 0.000000 0.188928 0.251304 0.897773 0.014024 0.434071
0.114488 1.768084 1.403279 0.426441 0.958835 0.726436 0.000000 0.135185 0.340473 0.747165 0.000000 0.570545 0.578804 0.000000 0.977590
1.100035 1.267494 0.864893 0.302935 0.544954 0.606523 0.000000 0.506183 0.432278 0.583746 0.399065 0.120157 0.000000 0.042829 0.539634
0.988080 0.746228 0.876404 0.392121 0.411791 0.000000 0.182121 0.458567 0.640194 0.312958 0.476550 0.487149 0.356760 0.231016 0.626480
1.172366 0.885406 0.000000 0.000000 0.411791 0.885913 0.111960 0.458567 0.665436 0.312958 0.476550 0.487149 0.371524 0.231016 0.626480
1.124428 1.311287 0.000000 0.000000 0.548744 0.000000 0.182121 0.458567 0.523916 0.312958 0.523167 0.487149 0.000000 0.231016 0.626480
1.418989 0.000000 0.000000 0.000000 0.000000 0.294364 0.463611 0.294091 0.151871 0.870562 0.429523 0.464748 0.331010 0.625221 0.654990
0.215757 0.986731 1.683648 0.655999 0.862955 0.135167 0.475541 0.294091 0.000000 0.000000 0.429523 0.464748 0.127859 0.625221 0.143768
0.409928 0.000000 1.387161 0.817075 0.000000 0.101414 0.638593 0.543420 0.685892 0.795044 0.676250 0.486731 0.182311 0.392148 0.533076
0.592991 1.379905 0.000000 0.000000 0.741613 0.101414 0.638593 0.543420 0.641124 0.795044 0.738901 0.556729 0.182311 0.268955 0.519824
0.249757 2.151450 0.000000 0.000000 0.926426 0.523236 0.840430 0.000000 0.566811 0.622803 0.342811 0.000000 0.000000 0.427801 0.000000
0.354877 1.819538 0.068354 0.023463 0.877375 0.152635 0.463611 0.294091 0.151871 0.000000 0.000000 0.464748 0.331010 0.625221 0.654990
0.084544 1.105430 2.259466 0.709601 0.951406 0.000000 0.841442 0.191724 0.000000 0.622803 0.000000 0.000000 0.000000 0.427801 0.686802
0.009541 2.680773 0.000000 0.000000 0.997734 0.109877 0.274285 0.338415 0.076739 0.000000 0.000000 0.000000 0.350376 0.000000 0.000000
0.000000 3.104494 0.000000 0.000000 1.000000 0.000000 0.000000 0.018503 0.000000 0.000000 0.000000 0.000000 0.350376 0.000000 0.183351
0.000000 3.433398 0.000000 0.000000 1.000000 0.000000 0.000000 0.000000 0.000000 0.000000 0.071750 0.000000 0.000000 0.000000 0.000000
