0.000107 2.264614 0.000000 0.000000 0.999970 0.911143 0.000000 0.000000 0.066762 0.453936 0.301111 0.025913 0.801197 0.288702 0.422045
0.410113 0.000000 1.574129 0.837746 0.000000 0.736705 0.390989 0.389156 0.764984 0.795994 0.000000 0.432603 0.289026 0.651904 0.242083
0.000117 0.000000 2.668651 0.999972 0.000000 0.458965 0.553071 0.840714 0.000000 0.000000 0.000000 0.000000 0.000000 0.280764 0.000000
1.492649 0.000000 0.000000 0.000000 0.000000 0.133269 0.475541 0.294091 0.277065 0.937025 0.429523 0.464748 0.331010 0.625221 0.654990
0.002625 0.000000 2.081437 0.999197 0.000000 0.458965 0.553071 0.840714 0.034925 0.000000 0.878918 0.010058 0.731139 0.280764 0.402808
0.528930 1.667761 0.000000 0.000000 0.804484 0.179269 0.647202 0.463536 0.574213 0.926253 0.293130 0.000000 0.264397 0.264193 0.319300
0.000534 0.004319 1.783110 0.998446 0.921742 0.458965 0.527671 0.840714 0.418677 0.095761 0.878918 0.010058 0.731139 0.280764 0.402808
0.410334 1.293819 1.017474 0.409509 0.804484 0.179269 0.647202 0.463536 0.574213 0.993200 0.293130 0.867650 0.264397 0.264193 0.319300
0.148390 0.393148 1.421988 0.817075 0.770238 0.101414 0.638593 0.439540 0.641124 0.795044 0.776908 0.566703 0.182311 0.392148 0.519824
0.002770 2.141174 0.367174 0.108117 0.999176 0.109877 0.000000 0.338415 0.000000 0.065192 0.581889 0.276089 0.350376 0.273509 0.082223
0.378141 0.158137 1.479427 0.827940 0.252161 0.736705 0.390989 0.385091 0.764984 0.885612 0.123190 0.432603 0.309129 0.564700 0.280958
0.181336 1.487017 1.149645 0.416710 0.922748 0.665408 0.715781 0.868668 0.771790 0.187225 0.509409 0.639654 0.195827 0.001478 0.882304
0.153557 1.831162 0.066039 0.022869 0.946739 0.844460 0.852555 0.929630 0.346420 0.667411 0.603791 0.834021 0.374270 0.031303 0.542489
0.165063 0.754891 1.288061 0.655999 0.862955 0.152635 0.475541 0.294091 0.277065 0.962860 0.429523 0.464748 0.331010 0.625221 0.654990
0.711032 0.340480 1.370129 0.667607 0.284307 0.898225 0.355470 0.692698 0.214919 0.676116 0.384139 0.554215 0.396185 0.473727 0.026694
0.006674 1.875144 0.321556 0.108117 0.997734 0.109877 0.274285 0.338415 0.076739 0.065192 0.581889 0.276089 0.350376 0.273509 0.082223
1.314316 0.630995 0.872457 0.343301 0.284949 0.259053 0.601221 0.203598 0.509490 0.108811 0.781276 0.499703 0.825943 0.799893 0.838352
0.573834 1.545658 0.812266 0.291417 0.773692 0.308474 0.650657 0.498823 0.182729 0.258753 0.086050 0.581947 0.102729 0.297124 0.992616
0.962177 1.108650 0.756504 0.302935 0.544954 0.606523 0.768778 0.506183 0.432278 0.583746 0.399065 0.120157 0.937205 0.042829 0.539634
1.330889 1.005127 0.000000 0.000000 0.411791 0.885913 0.182121 0.000000 0.665436 0.312958 0.476550 0.492159 0.371524 0.231016 0.626480
0.924660 0.698331 0.820152 0.392121 0.411791 0.885913 0.182121 0.458567 0.665436 0.312958 0.476550 0.487149 0.371524 0.231016 0.626480
0.113028 1.538487 1.394538 0.467928 0.953313 0.603051 0.179800 0.648431 0.953216 0.926133 0.188928 0.251304 0.897773 0.014024 0.434071
0.581567 1.540816 0.000000 0.000000 0.770238 0.101414 0.638593 0.439540 0.641124 0.000000 0.776908 0.566703 0.182311 0.392148 0.539755
0.590204 1.169116 1.195952 0.471132 0.702378 0.428450 0.767660 0.118906 0.302596 0.977307 0.691266 0.587247 0.086952 0.376799 0.265944
1.335628 0.000000 0.945358 0.392121 0.000000 0.885913 0.182121 0.458567 0.665436 0.000000 0.452500 0.487149 0.371524 0.231016 0.626480
0.847479 1.439978 0.254300 0.096154 0.661352 0.360789 0.471012 0.814193 0.088138 0.404221 0.528868 0.643132 0.096429 0.138060 0.777786
1.191825 0.491604 1.156913 0.465597 0.249058 0.954567 0.947859 0.238817 0.622095 0.779954 0.336231 0.525829 0.805558 0.295216 0.526809
1.369681 0.637242 0.467793 0.191174 0.277224 0.502480 0.398997 0.537929 0.955096 0.329580 0.662735 0.540402 0.143181 0.378733 0.904341
0.779840 0.000000 1.299920 0.655999 0.000000 0.133269 0.475541 0.294091 0.277065 0.962860 0.429523 0.464748 0.331010 0.625221 0.654990
0.236282 1.912446 0.000000 0.000000 0.921742 0.458965 0.527671 0.000000 0.418677 0.095761 0.878918 0.000000 0.731139 0.280764 0.402808
1.014070 1.168443 0.000000 0.000000 0.544954 0.606523 0.768778 0.506183 0.432278 0.583746 0.399065 0.120157 0.851335 0.084762 0.539634
0.139602 0.193226 1.578599 0.904587 0.601694 0.507578 0.332142 0.742835 0.447712 0.454396 0.411220 0.940993 0.976651 0.593440 0.242713
0.001265 0.000000 2.478804 0.999675 0.000000 0.000000 0.553071 0.840714 0.000000 0.095761 0.878918 0.010058 0.731139 0.000000 0.402808
0.002184 0.000000 2.425798 0.999427 0.000000 0.000000 0.012525 0.682528 0.849433 0.695613 0.736319 0.912321 0.000000 0.636481 0.000000
0.005437 2.257662 0.000000 0.000000 0.998467 0.919939 0.515312 0.363507 0.060376 0.453569 0.000000 0.000000 0.794086 0.325235 0.000000
0.004951 0.000000 2.028547 0.998446 0.000000 0.458965 0.553071 0.840714 0.000000 0.095761 0.878918 0.010058 0.731139 0.280764 0.402808
0.016822 2.040021 0.000000 0.000000 0.994751 0.911143 0.515312 0.000000 0.066762 0.453936 0.301111 0.000000 0.801197 0.288702 0.422045
0.208287 0.000000 1.913749 0.930984 0.000000 0.101414 0.638593 0.439540 0.000000 0.869411 0.000000 0.566703 0.199372 0.392148 0.519824
0.002069 0.000194 2.308681 0.999427 0.059498 0.952172 0.012525 0.682528 0.849433 0.695613 0.736319 0.912321 0.036310 0.636481 0.038031
0.109437 1.690073 1.341364 0.426441 0.958835 0.777326 0.001417 0.135185 0.340473 0.747165 0.909824 0.570545 0.578804 0.956180 0.977590
0.495767 0.131239 1.515256 0.792238 0.164747 0.198803 0.481634 0.428680 0.971485 0.276411 0.469000 0.306908 0.928687 0.532220 0.590555
1.156652 0.283496 1.287390 0.524777 0.153019 0.057725 0.717184 0.100082 0.688659 0.599232 0.425798 0.768412 0.667234 0.898987 0.297823
0.007105 0.861606 1.474573 0.663345 0.994751 0.911143 0.515312 0.363507 0.060376 0.453936 0.301111 0.884444 0.794086 0.288702 0.422045
0.172995 0.696573 1.333359 0.685632 0.845030 0.523236 0.884098 0.191724 0.582585 0.673264 0.342811 0.298185 0.141154 0.427801 0.686802
0.204482 0.041448 1.757296 0.924767 0.127315 0.426838 0.518517 0.049720 0.663497 0.777489 0.889830 0.630849 0.059196 0.652578 0.233951
0.030099 0.849072 1.628305 0.693841 0.977442 0.163688 0.599075 0.820405 0.165580 0.518202 0.793002 0.985070 0.913645 0.498632 0.581448
0.709178 0.502163 1.393829 0.645100 0.392244 0.696821 0.264073 0.786515 0.456483 0.640330 0.698872 0.076201 0.647722 0.239562 0.131714
0.354032 0.233661 1.550598 0.830003 0.371386 0.211759 0.683743 0.322149 0.538737 0.583470 0.430840 0.878172 0.125916 0.903441 0.488672
0.003035 2.345693 0.000000 0.000000 0.999176 0.000000 0.000000 0.338415 0.000000 0.065192 0.581889 0.276089 0.350376 0.273509 0.000000
0.441363 0.000000 1.593079 0.827940 0.000000 0.736705 0.390989 0.395267 0.764984 0.885612 0.014681 0.432603 0.289026 0.564700 0.242083
0.000123 0.000000 2.802500 0.999972 0.000000 0.458965 0.553071 0.000000 0.000000 0.000000 0.000000 0.000000 0.000000 0.280911 0.000000
1.496716 0.000000 0.000000 0.000000 0.000000 0.160425 0.475541 0.294091 0.277065 0.962860 0.429523 0.464748 0.331010 0.625221 0.654990
0.002625 0.000000 2.081437 0.999197 0.000000 0.458965 0.553071 0.840714 0.034925 0.000000 0.878918 0.010058 0.731139 0.280764 0.402808
0.541681 1.911564 0.000000 0.000000 0.824209 0.313170 0.299109 0.000000 0.937148 0.685446 0.608814 0.778305 0.000000 0.197639 0.426770
0.144693 0.510615 1.638982 0.800639 0.824209 0.313170 0.299109 0.336631 0.937148 0.695122 0.622896 0.785181 0.945451 0.197639 0.426770
0.001798 1.162269 1.989069 0.663345 0.999015 0.911143 0.000000 0.363507 0.060376 0.453936 0.301111 0.000000 0.794086 0.288702 0.000000
0.001011 2.617347 0.000000 0.000000 0.999754 0.000000 0.515312 0.000000 0.000000 0.490775 0.014311 0.000000 0.794086 0.288702 0.000000
0.779840 0.000000 1.299920 0.655999 0.000000 0.133269 0.475541 0.294091 0.277065 0.962860 0.429523 0.464748 0.331010 0.625221 0.654990
0.758032 1.487651 1.053003 0.358206 0.699988 0.378958 0.354290 0.088700 0.896341 0.341478 0.050063 0.133366 0.234298 0.918388 0.435287
0.001938 2.505931 0.104743 0.026594 0.999508 0.000000 0.515312 0.146971 0.000000 0.453936 0.000000 0.000000 0.794086 0.288702 0.000000
0.001940 2.508119 0.000000 0.000000 0.999508 0.000000 0.515312 0.146971 0.000000 0.453936 0.000000 0.000000 0.794086 0.288702 0.000000
1.014070 1.168443 0.000000 0.000000 0.544954 0.606523 0.768778 0.506183 0.432278 0.583746 0.399065 0.120157 0.851335 0.084762 0.539634
0.236282 1.912446 0.000000 0.000000 0.921742 0.458965 0.527671 0.000000 0.418677 0.095761 0.878918 0.000000 0.731139 0.280764 0.402808
0.000785 0.006356 2.623864 0.998446 0.921742 0.458965 0.000000 0.840714 0.418677 0.000000 0.000000 0.010058 0.000000 0.000000 0.402808
1.406826 0.654524 0.480479 0.191174 0.277224 0.502480 0.398997 0.537929 0.000000 0.329580 0.662735 0.540402 0.143181 0.378733 0.904341
1.191825 0.491604 1.156913 0.465597 0.249058 0.954567 0.947859 0.238817 0.622095 0.779954 0.336231 0.525829 0.805558 0.295216 0.526809
0.865733 1.470993 0.259778 0.096154 0.661352 0.360789 0.471012 0.814193 0.035926 0.404221 0.528868 0.643132 0.096429 0.151191 0.777786
1.335628 0.000000 0.945358 0.392121 0.000000 0.885913 0.182121 0.458567 0.665436 0.000000 0.452500 0.487149 0.371524 0.231016 0.626480
0.591948 1.172571 1.199486 0.471132 0.702378 0.394197 0.767660 0.118906 0.302596 0.977307 0.691266 0.587247 0.086952 0.380234 0.265944
0.581567 1.540816 0.000000 0.000000 0.770238 0.101414 0.638593 0.439540 0.641124 0.000000 0.776908 0.566703 0.182311 0.392148 0.539755
0.115452 1.571480 1.424443 0.467928 0.953313 0.603051 0.179800 0.648431 0.000000 0.926133 0.188928 0.251304 0.897773 0.014024 0.434071
0.961373 0.859666 1.038313 0.431527 0.464481 0.096533 0.124096 0.663810 0.896293 0.639651 0.230642 0.594463 0.609848 0.644815 0.683619
1.330889 1.005127 0.000000 0.000000 0.411791 0.885913 0.182121 0.000000 0.665436 0.312958 0.476550 0.492159 0.371524 0.231016 0.626480
0.962177 1.108650 0.756504 0.302935 0.544954 0.606523 0.768778 0.506183 0.432278 0.583746 0.399065 0.120157 0.937205 0.042829 0.539634
0.573834 1.545658 0.812266 0.291417 0.773692 0.308474 0.650657 0.498823 0.182729 0.258753 0.086050 0.581947 0.102729 0.297124 0.992616
1.314316 0.630995 0.872457 0.343301 0.284949 0.259053 0.601221 0.203598 0.509490 0.108811 0.781276 0.499703 0.825943 0.799893 0.838352
0.006959 1.955406 0.335320 0.108117 0.997734 0.109877 0.251945 0.338415 0.000000 0.065192 0.581889 0.276089 0.350376 0.273509 0.082223
0.746406 0.357419 1.438293 0.667607 0.284307 0.000000 0.355470 0.656071 0.214919 0.676116 0.384139 0.554215 0.396185 0.473727 0.026694
0.165063 0.754891 1.288061 0.655999 0.862955 0.152635 0.475541 0.294091 0.277065 0.962860 0.429523 0.464748 0.331010 0.625221 0.654990
0.154793 1.845904 0.066571 0.022869 0.946739 0.844460 0.872959 0.929630 0.346420 0.667411 0.603791 0.834021 0.374270 0.031303 0.542489
0.182843 1.499369 1.159195 0.416710 0.922748 0.706528 0.715781 0.868668 0.771790 0.187225 0.476721 0.639654 0.195827 0.001539 0.882304
0.382194 0.159832 1.495282 0.827940 0.252161 0.736705 0.390989 0.395267 0.764984 0.885612 0.123190 0.432603 0.289026 0.564700 0.257949
0.461922 1.456480 1.145393 0.409509 0.804484 0.179269 0.647202 0.525273 0.574213 0.000000 0.000000 0.867650 0.264397 0.264193 0.319300
0.001589 1.361400 2.329855 0.663345 0.999257 0.000000 0.000000 0.363507 0.060376 0.453936 0.064360 0.000000 0.000000 0.288702 0.000000
0.002770 2.141174 0.367174 0.108117 0.999176 0.109877 0.000000 0.338415 0.000000 0.065192 0.581889 0.276089 0.350376 0.273509 0.082223
0.148466 0.393349 1.422716 0.817075 0.770238 0.101414 0.651654 0.439540 0.630946 0.795044 0.776908 0.566703 0.182311 0.392148 0.511404
0.003564 2.303748 0.000000 0.000000 0.999015 0.911143 0.000000 0.363507 0.060376 0.453936 0.301111 0.000000 0.794086 0.288702 0.000000
0.081516 2.299546 0.000000 0.000000 0.977442 0.163688 0.599075 0.000000 0.000000 0.518202 0.000000 0.000000 0.913645 0.498632 0.581448
0.001391 0.000000 2.725988 0.999675 0.000000 0.000000 0.000000 0.840714 0.000000 0.095761 0.878918 0.010058 0.731139 0.000000 0.402808
0.000545 3.333576 0.139336 0.026594 0.999896 0.000000 0.000000 0.000000 0.000000 0.000000 0.000000 0.000000 0.794086 0.000000 0.000000
0.000545 3.333576 0.139336 0.026594 0.999896 0.000000 0.000000 0.000000 0.000000 0.000000 0.000000 0.000000 0.794086 0.000000 0.000000
0.758032 1.487651 1.053003 0.358206 0.699988 0.378958 0.354290 0.088700 0.896341 0.341478 0.050063 0.133366 0.234298 0.918388 0.435287
