0.580317 0.000000 2.047908 0.824209 0.000000 0.000000 0.000000 0.000000 0.426770 0.650086 0.196543 0.535796 0.228215 0.916163 0.398864
2.088892 0.000000 0.000000 0.000000 0.000000 0.000000 0.238944 0.304271 0.437563 0.473749 0.861330 0.000000 0.239816 0.672017 0.000000
1.401199 0.104257 0.811306 0.333363 0.047281 0.371251 0.059725 0.199311 0.307937 0.517531 0.143390 0.615915 0.661700 0.360692 0.186483
0.030262 0.128315 1.572137 0.946739 0.852555 0.346420 0.603791 0.374270 0.542489 0.219229 0.928462 0.946407 0.267309 0.500240 0.599226
0.421490 2.103759 0.000000 0.000000 0.874119 0.388824 0.332143 0.242400 0.000000 0.000000 0.683743 0.000000 0.430840 0.000000 0.488672
0.003761 1.205147 1.710044 0.609175 0.998013 0.975626 0.756636 0.690693 0.076491 0.277224 0.398997 0.955096 0.662735 0.143181 0.904341
1.991008 0.001908 0.000000 0.000000 0.000610 0.000000 0.758619 0.371170 0.550683 0.198199 0.273258 0.000000 0.399355 0.451690 0.000000
0.200069 0.998594 0.846903 0.441621 0.874119 0.388824 0.332143 0.209672 0.555498 0.371386 0.683743 0.538737 0.430840 0.125916 0.488672
0.241752 0.000000 2.306017 0.933503 0.000000 0.000000 0.409999 0.000000 0.000000 0.131797 0.000000 0.443176 0.404522 0.569103 0.102683
0.010458 0.005399 1.654761 0.995472 0.303381 0.852618 0.395080 0.394915 0.981579 0.732078 0.844010 0.369268 0.556002 0.752583 0.357642
0.038942 0.061454 1.619863 0.971427 0.640429 0.774451 0.238944 0.304271 0.437563 0.473749 0.861330 0.057130 0.239816 0.672017 0.605573
0.463173 0.384118 1.354576 0.733870 0.440772 0.359044 0.729857 0.287866 0.977558 0.220945 0.538486 0.589859 0.403727 0.584198 0.680723
0.680198 1.429053 0.387914 0.153019 0.717184 0.688659 0.425798 0.667234 0.297823 0.517855 0.978712 0.644211 0.234886 0.366923 0.074203
0.438142 1.923125 0.096169 0.031015 0.857394 0.687213 0.830802 0.352249 0.879344 0.231850 0.418447 0.925337 0.999638 0.875538 0.620012
1.853072 0.055569 0.596756 0.198255 0.019085 0.008048 0.436919 0.843829 0.071039 0.249058 0.947859 0.622095 0.336231 0.805558 0.526809
0.025402 0.566203 1.476683 0.766694 0.971458 0.860466 0.758619 0.371170 0.550683 0.198199 0.273258 0.843544 0.276736 0.451690 0.730285
1.107616 0.487746 0.856968 0.392244 0.264073 0.456483 0.698872 0.647722 0.131714 0.459416 0.668505 0.340607 0.653629 0.917329 0.675569
0.104921 1.998885 0.491649 0.153333 0.966615 0.932970 0.114317 0.051310 0.661272 0.285785 0.037188 0.199502 0.645817 0.696782 0.795332
1.166751 0.822718 0.597035 0.252161 0.390989 0.764984 0.123190 0.309129 0.280958 0.804484 0.647202 0.574213 0.293130 0.264397 0.319300
0.597640 1.847777 0.096952 0.031756 0.800854 0.564404 0.134341 0.014868 0.775122 0.699988 0.354290 0.896341 0.050063 0.234298 0.435287
0.400763 1.580803 0.247382 0.095840 0.841935 0.464175 0.684946 0.699955 0.455270 0.997469 0.333704 0.424816 0.028758 0.755077 0.436115
1.186355 1.457864 0.175076 0.059128 0.565140 0.824705 0.133731 0.274656 0.904518 0.851922 0.833988 0.138130 0.648967 0.588317 0.306679
0.738263 0.953474 0.861744 0.395003 0.580554 0.317620 0.788565 0.538792 0.301957 0.358502 0.270742 0.455279 0.506006 0.959786 0.697141
0.328626 0.948550 0.929666 0.475582 0.787681 0.366585 0.614567 0.583735 0.271909 0.849937 0.290305 0.791746 0.512898 0.482006 0.338067
0.417210 0.019965 1.646413 0.841830 0.030441 0.541487 0.415857 0.588370 0.058648 0.649294 0.061482 0.735560 0.110739 0.546652 0.751776
0.401803 0.616144 1.465297 0.703814 0.632118 0.634280 0.576639 0.488963 0.192039 0.154010 0.601904 0.761067 0.740809 0.938636 0.231561
0.310550 0.001670 1.896886 0.896690 0.003423 0.673409 0.810058 0.383631 0.818991 0.376537 0.151360 0.051624 0.973475 0.591163 0.167868
1.323974 0.863854 0.289971 0.115488 0.368036 0.366137 0.114495 0.432102 0.800085 0.255874 0.641780 0.700937 0.680519 0.572547 0.066266
0.167845 0.927086 1.339944 0.609864 0.885978 0.522859 0.628191 0.065623 0.591465 0.920574 0.777135 0.671426 0.779646 0.452840 0.746003
1.219843 1.870567 0.000000 0.000000 0.632118 0.634280 0.576639 0.488963 0.192039 0.000000 0.000000 0.761067 0.000000 0.000000 0.285185
1.435952 1.854547 0.000000 0.000000 0.580554 0.000000 0.000000 0.000000 0.301957 0.000000 0.270742 0.455279 0.462092 0.959786 0.697141
1.620229 1.767575 0.000000 0.000000 0.527671 0.418677 0.878918 0.731139 0.000000 0.073955 0.000000 0.147054 0.535463 0.130077 0.000000
0.010356 0.010867 1.820477 0.994751 0.515312 0.060376 0.301111 0.794086 0.422045 0.512707 0.903563 0.865231 0.932525 0.591698 0.556961
0.324523 1.832877 0.739915 0.240869 0.888438 0.133011 0.613162 0.026548 0.365010 0.977442 0.599075 0.165580 0.793002 0.913645 0.581448
0.502878 0.921929 1.269990 0.560138 0.682102 0.072945 0.217843 0.333002 0.540553 0.284949 0.601221 0.509490 0.781276 0.825943 0.838352
0.749761 0.232794 1.417270 0.677962 0.191656 0.006326 0.650594 0.322690 0.781192 0.344876 0.290417 0.801672 0.688436 0.499129 0.279143
0.136289 0.000303 2.104767 0.958835 0.001417 0.340473 0.909824 0.578804 0.977590 0.997734 0.274285 0.076739 0.581889 0.350376 0.082223
1.229291 1.160332 0.447488 0.164747 0.481634 0.971485 0.469000 0.928687 0.590555 0.426115 0.451758 0.922940 0.677447 0.756190 0.277219
1.625337 0.824620 0.065316 0.022805 0.298901 0.476988 0.054512 0.145112 0.746150 0.243921 0.972253 0.517344 0.152814 0.663824 0.543896
0.513645 1.787754 0.166914 0.056974 0.821889 0.079720 0.969697 0.757334 0.344961 0.464001 0.161470 0.865411 0.593743 0.749505 0.744093
0.674744 0.856953 1.186616 0.526794 0.575377 0.522628 0.442168 0.224859 0.205489 0.898326 0.444980 0.442733 0.987595 0.700791 0.549078
1.186597 0.063507 0.996239 0.444174 0.034040 0.540577 0.478719 0.041215 0.682013 0.229416 0.434628 0.718069 0.639250 0.152125 0.698731
0.114998 0.000000 2.560451 0.971427 0.000000 0.774451 0.238944 0.304271 0.000000 0.473749 0.861330 0.000000 0.000000 0.000000 0.000000
1.780239 0.095279 0.000000 0.000000 0.034040 0.540577 0.478719 0.041215 0.000000 0.229416 0.434628 0.750623 0.639250 0.152125 0.698731
0.876002 1.983227 0.000000 0.000000 0.735208 0.010133 0.965071 0.506897 0.000000 0.845030 0.884098 0.582585 0.342811 0.141154 0.686802
0.469508 1.990806 0.000000 0.000000 0.852555 0.346420 0.603791 0.000000 0.542489 0.000000 0.004031 0.946407 0.267309 0.500240 0.599226
0.562635 0.000000 2.217762 0.841830 0.000000 0.000000 0.426088 0.588370 0.058648 0.649294 0.000000 0.735560 0.000000 0.546652 0.000000
0.006883 2.205560 0.000000 0.000000 0.998013 0.975626 0.756636 0.690693 0.000000 0.277224 0.398997 0.000000 0.662735 0.143181 0.904341
0.018409 0.000000 2.588205 0.995472 0.000000 0.000000 0.395080 0.000000 0.000000 0.732078 0.000000 0.000000 0.556002 0.000000 0.357642
1.539153 0.000000 1.649737 0.522068 0.000000 0.000000 0.000000 0.158840 0.007103 0.284307 0.355470 0.214919 0.384139 0.396185 0.026694
0.988734 1.030302 1.451867 0.505281 0.513105 0.156809 0.271022 0.032045 0.027797 0.993576 0.477715 0.714244 0.539219 0.705171 0.801016
0.421490 2.103759 0.000000 0.000000 0.874119 0.388824 0.332143 0.242400 0.000000 0.000000 0.683743 0.000000 0.430840 0.000000 0.488672
1.186597 0.063507 0.996239 0.444174 0.034040 0.540577 0.478719 0.041215 0.682013 0.229416 0.434628 0.718069 0.639250 0.152125 0.698731
2.000991 0.000000 1.789298 0.464481 0.000000 0.000000 0.000000 0.000000 0.000000 0.000000 0.889119 0.720091 0.260622 0.501095 0.920903
0.010458 0.005399 1.654761 0.995472 0.303381 0.852618 0.395080 0.394915 0.981579 0.732078 0.844010 0.369268 0.556002 0.752583 0.357642
0.324523 1.832877 0.739915 0.240869 0.888438 0.133011 0.613162 0.026548 0.365010 0.977442 0.599075 0.165580 0.793002 0.913645 0.581448
1.967673 1.249377 1.300193 0.323934 0.360151 0.000000 0.738187 0.397133 0.000000 0.880351 0.000000 0.970405 0.000000 0.183789 0.131655
1.495123 0.242366 2.366403 0.637537 0.102309 0.000000 0.272154 0.000000 0.990598 0.452395 0.049432 0.937649 0.068140 0.000000 0.071387
1.323974 0.863854 0.289971 0.115488 0.368036 0.366137 0.114495 0.432102 0.800085 0.255874 0.641780 0.700937 0.680519 0.572547 0.066266
1.107616 0.487746 0.856968 0.392244 0.264073 0.456483 0.698872 0.647722 0.131714 0.459416 0.668505 0.340607 0.653629 0.917329 0.675569
0.025402 0.566203 1.476683 0.766694 0.971458 0.860466 0.758619 0.371170 0.550683 0.198199 0.273258 0.843544 0.276736 0.451690 0.730285
0.680198 1.429053 0.387914 0.153019 0.717184 0.688659 0.425798 0.667234 0.297823 0.517855 0.978712 0.644211 0.234886 0.366923 0.074203
1.853072 0.055569 0.596756 0.198255 0.019085 0.008048 0.436919 0.843829 0.071039 0.249058 0.947859 0.622095 0.336231 0.805558 0.526809
0.241752 0.000000 2.306017 0.933503 0.000000 0.000000 0.409999 0.000000 0.000000 0.131797 0.000000 0.443176 0.404522 0.569103 0.102683
2.088892 0.000000 0.000000 0.000000 0.000000 0.000000 0.238944 0.304271 0.437563 0.473749 0.861330 0.000000 0.239816 0.672017 0.000000
1.884091 0.000000 1.792583 0.484159 0.000000 0.000000 0.937574 0.070470 0.000000 0.218005 0.534378 0.872001 0.000000 0.625054 0.989809
1.229291 1.160332 0.447488 0.164747 0.481634 0.971485 0.469000 0.928687 0.590555 0.426115 0.451758 0.922940 0.677447 0.756190 0.277219
0.200069 0.998594 0.846903 0.441621 0.874119 0.388824 0.332143 0.209672 0.555498 0.371386 0.683743 0.538737 0.430840 0.125916 0.488672
0.030262 0.128315 1.572137 0.946739 0.852555 0.346420 0.603791 0.374270 0.542489 0.219229 0.928462 0.946407 0.267309 0.500240 0.599226
1.401199 0.104257 0.811306 0.333363 0.047281 0.371251 0.059725 0.199311 0.307937 0.517531 0.143390 0.615915 0.661700 0.360692 0.186483
0.010356 0.010867 1.820477 0.994751 0.515312 0.060376 0.301111 0.794086 0.422045 0.512707 0.903563 0.865231 0.932525 0.591698 0.556961
0.438142 1.923125 0.096169 0.031015 0.857394 0.687213 0.830802 0.352249 0.879344 0.231850 0.418447 0.925337 0.999638 0.875538 0.620012
0.463173 0.384118 1.354576 0.733870 0.440772 0.359044 0.729857 0.287866 0.977558 0.220945 0.538486 0.589859 0.403727 0.584198 0.680723
1.186355 1.457864 0.175076 0.059128 0.565140 0.824705 0.133731 0.274656 0.904518 0.851922 0.833988 0.138130 0.648967 0.588317 0.306679
0.417210 0.019965 1.646413 0.841830 0.030441 0.541487 0.415857 0.588370 0.058648 0.649294 0.061482 0.735560 0.110739 0.546652 0.751776
0.401803 0.616144 1.465297 0.703814 0.632118 0.634280 0.576639 0.488963 0.192039 0.154010 0.601904 0.761067 0.740809 0.938636 0.231561
2.000991 0.000000 1.789298 0.464481 0.000000 0.000000 0.000000 0.000000 0.000000 0.000000 0.889119 0.720091 0.260622 0.501095 0.920903
1.435952 1.854547 0.000000 0.000000 0.580554 0.000000 0.000000 0.000000 0.301957 0.000000 0.270742 0.455279 0.462092 0.959786 0.697141
1.620229 1.767575 0.000000 0.000000 0.527671 0.418677 0.878918 0.731139 0.000000 0.073955 0.000000 0.147054 0.535463 0.130077 0.000000
1.733558 1.039955 0.369100 0.114969 0.343993 0.435619 0.086022 0.901976 0.158541 0.742546 0.120832 0.456365 0.144032 0.788309 0.932374
0.030262 0.128315 1.572137 0.946739 0.852555 0.346420 0.603791 0.374270 0.542489 0.219229 0.928462 0.946407 0.267309 0.500240 0.599226
0.737174 1.458639 0.883473 0.315493 0.702096 0.110433 0.895772 0.228766 0.790313 0.164928 0.510134 0.212113 0.183310 0.193020 0.542540
2.380999 0.000000 0.000000 0.000000 0.000000 0.315023 0.000000 0.448015 0.000000 0.826509 0.436883 0.992760 0.199922 0.000000 0.111890
0.165267 0.180297 1.979624 0.921742 0.527671 0.418677 0.878918 0.731139 0.402808 0.073955 0.119832 0.147054 0.535463 0.130077 0.939203
0.505491 0.000000 2.582097 0.876927 0.000000 0.657766 0.270564 0.026348 0.000000 0.775229 0.000000 0.000000 0.000000 0.000000 0.440989
0.132463 2.523609 0.000000 0.000000 0.966615 0.000000 0.114317 0.000000 0.640685 0.285785 0.037188 0.222162 0.645817 0.000000 0.000000
0.674744 0.856953 1.186616 0.526794 0.575377 0.522628 0.442168 0.224859 0.205489 0.898326 0.444980 0.442733 0.987595 0.700791 0.549078
0.030262 0.128315 1.572137 0.946739 0.852555 0.346420 0.603791 0.374270 0.542489 0.219229 0.928462 0.946407 0.267309 0.500240 0.599226
0.674744 0.856953 1.186616 0.526794 0.575377 0.522628 0.442168 0.224859 0.205489 0.898326 0.444980 0.442733 0.987595 0.700791 0.549078
0.167845 0.927086 1.339944 0.609864 0.885978 0.522859 0.628191 0.065623 0.591465 0.920574 0.777135 0.671426 0.779646 0.452840 0.746003
