1.425476 0.000000 0.000000 0.000000 0.000000 0.103020 0.638593 0.440042 0.641124 0.781243 0.776908 0.566703 0.269972 0.392148 0.519824
0.000167 0.000000 2.193552 0.999952 0.000000 0.000000 0.527671 0.878165 0.453454 0.095761 0.740541 0.010058 0.731139 0.318690 0.000000
0.005557 1.727612 0.000000 0.000000 0.997952 0.132334 0.274285 0.338415 0.163272 0.065192 0.581889 0.328270 0.350376 0.273509 0.178970
0.004663 0.000000 1.910669 0.998446 0.000000 0.523715 0.527671 0.000000 0.418677 0.095761 0.878918 0.000000 0.731139 0.318690 0.402808
0.000000 2.955525 0.000000 0.000000 1.000000 0.000000 0.000000 0.000000 0.226656 0.000000 0.000000 0.211506 0.013849 0.252541 0.000000
0.001289 2.099374 0.000000 0.000000 0.999609 0.109877 0.274285 0.338415 0.080317 0.065192 0.581889 0.000000 0.350376 0.273509 0.082223
0.000001 0.000000 3.104100 1.000000 0.000000 0.000000 0.148366 0.000000 0.337565 0.000000 0.048261 0.000000 0.000000 0.000000 0.000000
0.000008 0.000000 2.677661 0.999998 0.000000 0.037121 0.527671 0.000000 0.337565 0.069131 0.000000 0.000000 0.731139 0.055951 0.000000
0.000022 0.000000 2.521391 0.999994 0.000000 0.523715 0.527671 0.000000 0.337565 0.024244 0.000000 0.037498 0.731139 0.000000 0.000000
0.000006 0.000000 2.810862 0.999999 0.000000 0.523715 0.096578 0.000000 0.418677 0.000000 0.000000 0.009045 0.000000 0.112832 0.000000
0.003772 0.888005 1.570058 0.672309 0.997296 0.000000 0.515312 0.363507 0.060376 0.453936 0.301111 0.903441 0.794086 0.288702 0.422045
0.861283 1.192114 0.000000 0.000000 0.601694 0.507578 0.332142 0.742835 0.463531 0.454396 0.411220 0.921008 0.146125 0.559411 0.242713
0.000360 2.529829 0.000000 0.000000 0.999909 0.000000 0.515312 0.000000 0.060376 0.453936 0.301111 0.000000 0.000000 0.288702 0.000000
0.230051 0.000000 1.523444 0.904587 0.000000 0.507578 0.396408 0.642947 0.447712 0.454396 0.410106 0.940993 0.976651 0.593440 0.242713
0.000000 0.000000 3.322419 1.000000 0.000000 0.000000 0.050385 0.000000 0.092328 0.000000 0.048261 0.000000 0.000000 0.000000 0.000000
0.113028 1.538487 1.394538 0.467928 0.953313 0.603051 0.179800 0.648431 0.953216 0.926133 0.188928 0.251304 0.897773 0.014024 0.434071
0.329866 0.137948 1.492937 0.850352 0.252161 0.736705 0.390989 0.385091 0.764984 0.885612 0.123190 0.432603 0.309129 0.564700 0.280958
1.209153 0.000000 0.855839 0.392121 0.000000 0.000000 0.182121 0.458567 0.665436 0.431072 0.476550 0.487149 0.407344 0.231016 0.621871
0.007105 0.861606 1.474573 0.663345 0.994751 0.911143 0.515312 0.363507 0.060376 0.453936 0.301111 0.884444 0.794086 0.288702 0.422045
0.554840 1.099065 1.124293 0.471132 0.702378 0.373251 0.767660 0.287916 0.302596 0.902498 0.776336 0.587247 0.086952 0.344255 0.265944
1.373938 0.000000 0.764047 0.323094 0.000000 0.087908 0.024544 0.458567 0.656904 0.312958 0.446701 0.487149 0.346578 0.231016 0.626480
0.122716 0.195907 1.530844 0.904587 0.643743 0.507578 0.332142 0.606990 0.447712 0.454396 0.411220 0.940993 0.976651 0.593440 0.244223
0.000001 0.000106 3.000714 0.999977 0.992482 0.000000 0.527671 0.840714 0.045082 0.000000 0.000000 0.079390 0.000000 0.000000 0.000000
0.159657 0.169187 1.540496 0.904587 0.518444 0.507578 0.332142 0.642947 0.447712 0.454396 0.411220 0.940993 0.976651 0.593440 0.242713
0.297638 1.505190 0.000000 0.000000 0.875717 0.563378 0.884098 0.135199 0.582585 0.673264 0.342811 0.361146 0.141154 0.427801 0.686802
0.000022 0.000006 2.518307 0.999994 0.165003 0.523715 0.527671 0.000000 0.460751 0.000000 0.000000 0.039551 0.731139 0.000000 0.000000
0.000019 0.000118 2.496066 0.999969 0.897688 0.523715 0.527671 0.000000 0.495252 0.000000 0.000000 0.000000 0.649991 0.000000 0.028600
0.000779 2.473771 0.000000 0.000000 0.999799 0.021247 0.515312 0.009888 0.089734 0.460009 0.301111 0.000000 0.000000 0.288702 0.000000
0.007526 0.912639 1.444825 0.641335 0.994751 0.911143 0.536302 0.363507 0.060376 0.453936 0.301111 0.884444 0.794086 0.288702 0.422045
0.003307 0.000000 1.987032 0.998940 0.000000 0.523715 0.527671 0.840714 0.418677 0.000000 0.827896 0.038295 0.000000 0.318690 0.402808
0.148262 0.392809 1.420763 0.817075 0.770238 0.103020 0.638593 0.439540 0.641124 0.795044 0.776908 0.566703 0.182311 0.392148 0.519824
0.163925 0.660052 1.263452 0.685632 0.845030 0.523236 0.884098 0.191724 0.582585 0.668314 0.333539 0.298185 0.280754 0.427801 0.686802
0.924660 0.698331 0.820152 0.392121 0.411791 0.885913 0.182121 0.458567 0.665436 0.312958 0.476550 0.487149 0.371524 0.231016 0.626480
0.000000 0.000017 3.189822 0.999997 0.992482 0.000000 0.527671 0.000000 0.052234 0.000000 0.000000 0.000000 0.011572 0.000000 0.000000
0.370297 0.154857 1.448740 0.827940 0.252161 0.736705 0.390989 0.385091 0.764984 0.885612 0.123190 0.432603 0.432261 0.564700 0.280958
0.223958 0.000000 1.546758 0.908459 0.000000 0.507578 0.332142 0.641222 0.409720 0.454396 0.411220 0.940993 0.976651 0.593440 0.242713
0.000613 0.000000 2.126255 0.999816 0.000000 0.462599 0.425364 0.000000 0.418677 0.095761 0.815339 0.010058 0.731139 0.262605 0.000000
0.000006 0.000002 2.868599 0.999999 0.165003 0.491439 0.000000 0.000000 0.418677 0.000000 0.000000 0.039551 0.000000 0.112832 0.000000
0.679503 0.000000 1.262337 0.685632 0.000000 0.523236 0.884098 0.191724 0.582585 0.668314 0.333539 0.298185 0.280754 0.437180 0.686802
0.121091 0.669236 1.263452 0.685632 0.886044 0.523236 0.884098 0.191724 0.582585 0.668314 0.333539 0.298185 0.280754 0.427801 0.686802
0.908609 1.046927 0.714386 0.302935 0.544954 0.606523 0.768778 0.506183 0.432278 0.675544 0.399065 0.120157 0.774599 0.042829 0.539634
1.369681 0.637242 0.467793 0.191174 0.277224 0.502480 0.398997 0.537929 0.955096 0.329580 0.662735 0.540402 0.143181 0.378733 0.904341
1.060486 1.123786 0.000000 0.000000 0.518444 0.507578 0.323590 0.629933 0.489649 0.454396 0.430075 0.940993 0.976651 0.546449 0.242713
0.327299 1.496853 0.000000 0.000000 0.862955 0.207995 0.457593 0.294091 0.277065 0.000000 0.429523 0.464748 0.331010 0.710394 0.654990
0.820481 1.309832 0.000000 0.000000 0.643743 0.507578 0.332142 0.642947 0.442394 0.454396 0.411220 0.940993 0.976651 0.505730 0.251125
0.418702 0.000000 1.416852 0.817075 0.000000 0.103020 0.638593 0.439540 0.625847 0.795044 0.776908 0.566703 0.182311 0.392148 0.519824
0.137866 0.185201 1.528944 0.904587 0.592618 0.507578 0.332142 0.642947 0.447712 0.454396 0.411220 0.955632 0.976651 0.482111 0.276844
0.006912 0.838290 1.656495 0.701744 0.994751 0.000000 0.515312 0.363507 0.060376 0.453936 0.428746 0.000000 0.794086 0.288702 0.422045
0.180389 1.479249 1.143639 0.416710 0.922748 0.706528 0.715781 0.868668 0.771790 0.187225 0.476721 0.639654 0.268004 0.001539 0.899130
0.000001 0.000110 3.098687 0.999977 0.996523 0.000000 0.527671 0.888777 0.000000 0.000000 0.056408 0.000000 0.000000 0.000000 0.000000
0.000012 0.000093 2.647615 0.999977 0.921742 0.523715 0.541860 0.835301 0.000000 0.000000 0.000000 0.000000 0.000000 0.318690 0.000000
0.000507 0.004100 1.692729 0.998446 0.921742 0.523715 0.527671 0.679053 0.418677 0.095761 0.878918 0.000000 0.731139 0.318690 0.402808
0.000004 0.000099 2.782150 0.999977 0.974827 0.523715 0.541860 0.835301 0.000000 0.000000 0.000000 0.000000 0.000000 0.090845 0.000000
0.197119 1.673081 0.000000 0.000000 0.925339 0.523236 0.884098 0.191724 0.582585 0.673264 0.342811 0.000000 0.200182 0.427801 0.686802
0.410334 1.293819 1.017474 0.409509 0.804484 0.179269 0.647202 0.463536 0.574213 0.993200 0.293130 0.867650 0.264397 0.264193 0.319300
0.109437 1.690073 1.341364 0.426441 0.958835 0.777326 0.001417 0.135185 0.340473 0.747165 0.909824 0.570545 0.578804 0.956180 0.977590
1.267924 0.608723 0.841661 0.343301 0.284949 0.259053 0.601221 0.203598 0.448244 0.199505 0.781276 0.486934 0.825943 0.799893 0.838352
0.355611 1.431884 0.000000 0.000000 0.845030 0.523236 0.884098 0.191724 0.582585 0.673264 0.342811 0.298185 0.200182 0.427801 0.686802
0.029824 0.841328 1.613453 0.693841 0.977442 0.163688 0.599075 0.820405 0.165580 0.518202 0.793002 0.967483 0.913645 0.498632 0.581448
0.142358 0.573210 1.434811 0.751401 0.845030 0.523236 0.884098 0.135199 0.578299 0.673264 0.342811 0.298185 0.141154 0.427801 0.686802
0.000359 0.002903 1.757032 0.998940 0.921742 0.523715 0.527671 0.840714 0.418677 0.095761 0.827896 0.038295 0.826482 0.318690 0.402808
0.000000 0.000004 3.315991 0.999999 0.992482 0.000000 0.000000 0.000000 0.000000 0.085307 0.000000 0.120499 0.000000 0.000000 0.000000
0.000001 0.000037 2.864742 0.999992 0.974827 0.523715 0.541860 0.835301 0.000000 0.000000 0.000000 0.000000 0.000000 0.000000 0.000000
1.168590 0.000000 1.048653 0.465597 0.000000 0.000000 0.738849 0.579254 0.622095 0.779954 0.336231 0.525829 0.805558 0.295216 0.526809
1.125126 0.849729 0.000000 0.000000 0.411791 0.885913 0.205904 0.458567 0.638391 0.312958 0.563110 0.487149 0.338216 0.231016 0.626480
1.023835 1.144003 0.249166 0.102429 0.535253 0.507578 0.332142 0.642947 0.489649 0.454396 0.411220 0.940993 0.976651 0.593440 0.242713
0.440124 0.609182 1.367304 0.680051 0.601694 0.507578 0.317890 0.742835 0.482901 0.454396 0.411220 0.940993 0.930397 0.608985 0.242713
1.053681 1.116575 0.249166 0.102429 0.518444 0.507578 0.332142 0.642947 0.489649 0.454396 0.411220 0.940993 0.976651 0.593440 0.242713
0.003866 0.910025 1.557399 0.663345 0.997296 0.000000 0.515312 0.363507 0.060376 0.453936 0.301111 0.903441 0.794086 0.288702 0.422045
0.000148 2.531286 0.000000 0.000000 0.999963 0.000000 0.541121 0.000000 0.060376 0.453936 0.301111 0.000000 0.000000 0.288702 0.000000
0.000002 0.000000 2.874260 0.999999 0.000000 0.523715 0.107730 0.000000 0.418677 0.000000 0.000000 0.009045 0.000000 0.028650 0.000000
0.176091 0.000000 1.806171 0.938129 0.000000 0.507578 0.332142 0.642947 0.000000 0.436979 0.411220 0.940993 0.974367 0.566776 0.216706
0.003358 2.069387 0.354864 0.108117 0.998967 0.109877 0.274285 0.338415 0.076739 0.065192 0.562545 0.000000 0.350376 0.273509 0.082223
0.000000 0.000000 3.500000 1.000000 0.000000 0.000000 0.000000 0.000000 0.000000 0.000000 0.000000 0.000000 0.000000 0.000000 0.000000
1.425476 0.000000 0.000000 0.000000 0.000000 0.103020 0.638593 0.440042 0.641124 0.781243 0.776908 0.566703 0.269972 0.392148 0.519824
0.113028 1.538487 1.394538 0.467928 0.953313 0.603051 0.179800 0.648431 0.953216 0.926133 0.188928 0.251304 0.897773 0.014024 0.434071
0.180389 1.479249 1.143639 0.416710 0.922748 0.706528 0.715781 0.868668 0.771790 0.187225 0.476721 0.639654 0.268004 0.001539 0.899130
0.113028 1.538487 1.394538 0.467928 0.953313 0.603051 0.179800 0.648431 0.953216 0.926133 0.188928 0.251304 0.897773 0.014024 0.434071
1.168590 0.000000 1.048653 0.465597 0.000000 0.000000 0.738849 0.579254 0.622095 0.779954 0.336231 0.525829 0.805558 0.295216 0.526809
1.053681 1.116575 0.249166 0.102429 0.518444 0.507578 0.332142 0.642947 0.489649 0.454396 0.411220 0.940993 0.976651 0.593440 0.242713
1.425476 0.000000 0.000000 0.000000 0.000000 0.103020 0.638593 0.440042 0.641124 0.781243 0.776908 0.566703 0.269972 0.392148 0.519824
0.007105 0.861606 1.474573 0.663345 0.994751 0.911143 0.515312 0.363507 0.060376 0.453936 0.301111 0.884444 0.794086 0.288702 0.422045
1.168590 0.000000 1.048653 0.465597 0.000000 0.000000 0.738849 0.579254 0.622095 0.779954 0.336231 0.525829 0.805558 0.295216 0.526809
0.180389 1.479249 1.143639 0.416710 0.922748 0.706528 0.715781 0.868668 0.771790 0.187225 0.476721 0.639654 0.268004 0.001539 0.899130
0.440124 0.609182 1.367304 0.680051 0.601694 0.507578 0.317890 0.742835 0.482901 0.454396 0.411220 0.940993 0.930397 0.608985 0.242713
0.007105 0.861606 1.474573 0.663345 0.994751 0.911143 0.515312 0.363507 0.060376 0.453936 0.301111 0.884444 0.794086 0.288702 0.422045
0.004402 1.036269 1.832199 0.672309 0.997296 0.000000 0.515312 0.000000 0.060376 0.453936 0.301111 0.017756 0.794086 0.288702 0.422045
0.329866 0.137948 1.492937 0.850352 0.252161 0.736705 0.390989 0.385091 0.764984 0.885612 0.123190 0.432603 0.309129 0.564700 0.280958
0.329866 0.137948 1.492937 0.850352 0.252161 0.736705 0.390989 0.385091 0.764984 0.885612 0.123190 0.432603 0.309129 0.564700 0.280958
0.000000 2.955525 0.000000 0.000000 1.000000 0.000000 0.000000 0.000000 0.226656 0.000000 0.000000 0.211506 0.013849 0.252541 0.000000
0.000001 0.000110 3.098687 0.999977 0.996523 0.000000 0.527671 0.888777 0.000000 0.000000 0.056408 0.000000 0.000000 0.000000 0.000000
0.000770 0.006232 2.572832 0.998446 0.921742 0.609704 0.527671 0.000000 0.418677 0.000000 0.000000 0.000000 0.731139 0.000000 0.000000
