0.137	0.241	0.215	0.588	0.269	
0.933	0.764	0.713	0.063	0.427	
0.114	0.865	0.394	0.077	0.164	
0.099	0.320	0.666	0.118	0.793	
0.485	0.814	0.799	0.081	0.896	
0.445	0.462	0.672	0.760	0.167	
0.101	0.116	0.227	0.737	0.037	
0.730	0.272	0.293	0.327	0.801	
0.089	0.331	0.666	0.148	0.932	
0.294	0.202	0.352	0.070	0.653	
0.470	0.067	0.319	0.933	0.021	
0.014	0.478	0.551	0.539	0.661	
0.471	0.386	0.262	0.337	0.782	
0.199	0.246	0.146	0.870	0.897	
0.968	0.595	0.465	0.323	0.418	
0.495	0.866	0.615	0.875	0.430	
0.984	0.121	0.221	0.506	0.630	
0.730	0.964	0.400	0.255	0.531	
0.025	0.148	0.458	0.904	0.121	
0.736	0.201	0.824	0.513	0.799	
0.337	0.737	0.195	0.223	0.485	
0.945	0.098	0.427	0.291	0.050	
0.078	0.297	0.008	0.636	0.323	
0.928	0.358	0.216	0.047	0.999	
0.422	0.633	0.071	0.560	0.231	
0.400	0.242	0.838	0.473	0.397	
0.439	0.779	0.584	0.380	0.907	
0.825	0.213	0.870	0.307	0.802	
0.606	0.184	0.208	0.532	0.603	
0.515	0.387	0.344	0.890	0.336	
0.959	0.986	0.040	0.402	0.898	
0.959	0.611	0.843	0.579	0.121	
0.885	0.556	0.489	0.444	0.894	
0.088	0.477	0.032	0.808	0.541	
0.014	0.326	0.711	0.040	0.436	
0.592	0.669	0.662	0.273	0.789	
0.399	0.260	0.352	0.513	0.883	
0.249	0.096	0.936	0.012	0.736	
0.737	0.838	0.499	0.261	0.592	
0.858	0.497	0.492	0.167	0.922	
0.718	0.682	0.617	0.546	0.559	
0.727	0.688	0.889	0.015	0.709	
0.515	0.906	0.566	0.385	0.148	
0.718	0.228	0.852	0.037	0.591	
0.985	0.865	0.886	0.823	0.333	
0.709	0.165	0.481	0.710	0.904	
0.779	0.647	0.563	0.274	0.493	
0.693	0.968	0.364	0.164	0.219	
0.868	0.084	0.976	0.145	0.752	
0.973	0.613	0.438	0.259	0.149	
0.333	0.011	0.458	0.018	0.939	
0.034	0.054	0.272	0.066	0.033	
0.720	0.525	0.851	0.490	0.648	
0.822	0.591	0.239	0.397	0.745	
0.790	0.593	0.888	0.258	0.974	
0.407	0.868	0.884	0.298	0.655	
0.893	0.415	0.676	0.184	0.254	
0.796	0.073	0.627	0.671	0.103	
0.728	0.968	0.419	0.802	0.077	
0.491	0.088	0.887	0.777	0.566	
0.746	0.553	0.961	0.493	0.440	
0.596	0.782	0.834	0.685	0.238	
0.980	0.645	0.395	0.931	0.992	
0.557	0.432	0.687	0.570	0.331	
0.503	0.352	0.619	0.179	0.237	
0.632	0.395	0.818	0.378	0.626	
0.034	0.199	0.060	0.675	0.247	
0.019	0.746	0.192	0.697	0.364	
0.386	0.057	0.340	0.600	0.376	
0.349	0.239	0.131	0.840	0.859	
0.693	0.068	0.399	0.940	0.712	
0.354	0.901	0.819	0.193	0.577	
0.036	0.642	0.988	0.874	0.594	
0.589	0.055	0.331	0.616	0.209	
0.193	0.556	0.730	0.471	0.809	
0.284	0.220	0.239	0.883	0.731	
0.576	0.626	0.801	0.590	0.392	
0.212	0.186	0.080	0.659	0.964	
0.415	0.577	0.488	0.171	0.830	
0.327	0.869	0.791	0.092	0.128	
0.000	0.172	0.957	0.129	0.118	
0.443	0.598	0.351	0.320	0.142	
0.715	0.738	0.534	0.613	0.621	
0.065	0.500	0.703	0.764	0.262	
0.187	0.540	0.523	0.080	0.192	
0.384	0.773	0.343	0.692	0.841	
0.622	0.888	0.741	0.016	0.837	
0.092	0.189	0.969	0.327	0.712	
0.483	0.316	0.397	0.778	0.875	
0.053	0.408	0.979	0.446	0.554	
0.526	0.099	0.251	0.506	0.112	
0.533	0.216	0.113	0.280	0.350	
0.409	0.382	0.993	0.430	0.232	
0.422	0.137	0.835	0.746	0.012	
0.092	0.724	0.318	0.708	0.661	
0.441	0.272	0.574	0.080	0.850	
0.557	0.230	0.412	0.491	0.213	
0.506	0.311	0.783	0.415	0.955	
0.354	0.223	0.315	0.620	0.759	
0.998	0.688	0.117	0.434	0.781	
0.834	0.898	0.596	0.997	0.296	
0.687	0.760	0.293	0.606	0.887	
0.905	0.330	0.865	0.396	0.056	
0.159	0.677	0.810	0.473	0.424	
0.449	0.718	0.312	0.231	0.258	
0.825	0.722	0.711	0.365	0.754	
0.512	0.281	0.475	0.964	0.651	
0.900	0.547	0.095	0.157	0.347	
0.501	0.310	0.991	0.506	0.635	
0.911	0.085	0.363	0.934	0.276	
0.978	0.752	0.680	0.270	0.553	
0.424	0.632	0.346	0.395	0.140	
0.665	0.136	0.258	0.918	0.404	
0.019	0.874	0.890	0.420	0.248	
0.593	0.447	0.540	0.148	0.471	
0.967	0.632	0.961	0.704	0.402	
0.090	0.364	0.970	0.614	0.846	
0.144	0.217	0.046	0.247	0.881	
0.673	0.205	0.737	0.100	0.055	
0.770	0.843	0.035	0.669	0.280	
0.124	0.659	0.532	0.187	0.613	
0.782	0.066	0.423	0.409	0.207	
0.586	0.099	0.515	0.468	0.460	
0.399	0.158	0.541	0.349	0.249	
0.031	0.855	0.751	0.968	0.469	
0.788	0.008	0.962	0.858	0.185	
0.565	0.537	0.295	0.195	0.503	
0.266	0.455	0.146	0.386	0.745	
0.058	0.505	0.898	0.632	0.641	
0.351	0.986	0.132	0.266	0.763	
0.881	0.177	0.484	0.714	0.587	
0.364	0.337	0.683	0.348	0.327	
0.920	0.037	0.664	0.148	0.082	
0.201	0.883	0.826	0.109	0.414	
0.027	0.633	0.083	0.486	0.150	
0.678	0.267	0.254	0.882	0.425	
0.671	0.278	0.510	0.858	0.645	
0.500	0.631	0.047	0.421	0.065	
0.572	0.320	0.277	0.331	0.032	
0.871	0.815	0.145	0.491	0.673	
0.719	0.878	0.842	0.091	0.603	
0.667	0.626	0.069	0.086	0.732	
0.290	0.262	0.283	0.754	0.600	
0.760	0.333	0.117	0.211	0.386	
0.737	0.335	0.436	0.695	0.149	
0.608	0.241	0.395	0.547	0.010	
0.641	0.185	0.796	0.692	0.381	
0.016	0.227	0.103	0.045	0.740	
0.299	0.930	0.211	0.679	0.835	
0.985	0.840	0.636	0.883	0.263	
0.573	0.750	0.944	0.663	0.078	
0.693	0.149	0.710	0.587	0.440	
0.523	0.024	0.346	0.434	0.360	
0.051	0.604	0.920	0.615	0.920	
0.696	0.233	0.947	0.813	0.987	
0.391	0.774	0.617	0.455	0.378	
0.092	0.685	0.960	0.570	0.117	
0.161	0.449	0.258	0.021	0.965	
0.622	0.184	0.430	0.820	0.603	
0.696	0.264	0.866	0.848	0.595	
0.066	0.019	0.428	0.885	0.481	
0.065	0.984	0.093	0.961	0.532	
0.891	0.690	0.622	0.818	0.339	
0.594	0.527	0.831	0.664	0.788	
0.739	0.072	0.020	0.853	0.677	
0.806	0.062	0.332	0.922	0.407	
0.681	0.657	0.923	0.598	0.201	
0.995	0.339	0.752	0.778	0.567	
0.923	0.427	0.357	0.177	0.884	
0.112	0.410	0.966	0.926	0.891	
0.202	0.534	0.926	0.188	0.385	
0.363	0.504	0.288	0.280	0.071	
0.645	0.341	0.183	0.965	0.464	
0.333	0.444	0.934	0.228	0.184	
0.560	0.906	0.773	0.586	0.205	
0.146	0.833	0.468	0.314	0.301	
0.774	0.051	0.851	0.762	0.341	
0.474	0.958	0.740	0.737	0.662	
0.895	0.818	0.550	0.382	0.363	
0.521	0.584	0.592	0.679	0.966	
0.577	0.498	0.612	0.589	0.428	
0.483	0.075	0.426	0.044	0.889	
0.547	0.548	0.543	0.408	0.750	
0.523	0.632	0.583	0.943	0.749	
0.853	0.255	0.262	0.607	0.062	
0.293	0.184	0.158	0.722	0.071	
0.407	0.424	0.425	0.754	0.226	
0.508	0.443	0.012	0.818	0.842	
0.375	0.245	0.794	0.913	0.042	
0.563	0.289	0.775	0.300	0.228	
0.400	0.433	0.957	0.894	0.170	
0.074	0.187	0.835	0.202	0.974	
0.632	0.414	0.226	0.047	0.172	
0.303	0.749	0.496	0.708	0.960	
0.344	0.808	0.715	0.350	0.419	
0.298	0.367	0.437	0.988	0.106	
0.349	0.957	0.747	0.440	0.992	
0.197	0.378	0.582	0.923	0.759	
0.947	0.303	0.858	0.498	0.566	
0.050	0.080	0.563	0.623	0.265	
0.921	0.338	0.313	0.122	0.050	
0.477	0.210	0.455	0.178	0.877	
0.810	0.253	0.279	0.215	0.685	
0.111	0.368	0.549	0.606	0.254	
0.669	0.933	0.085	0.695	0.422	
0.471	0.593	0.300	0.942	0.088	
0.913	0.259	0.111	0.296	0.097	
0.678	0.532	0.755	0.881	0.829	
0.829	0.976	0.669	0.090	0.014	
0.218	0.163	0.076	0.096	0.168	
0.487	0.263	0.680	0.177	0.008	
0.078	0.202	0.825	0.954	0.799	
0.677	0.700	0.296	0.048	0.981	
0.276	0.610	0.125	0.671	0.893	
0.205	0.473	0.510	0.086	0.182	
0.670	0.405	0.518	0.414	0.392	
0.767	0.346	0.144	0.411	0.213	
0.963	0.063	0.316	0.820	0.068	
0.408	0.084	0.989	0.624	0.356	
0.466	0.583	0.908	0.344	0.814	
0.645	0.662	0.704	0.488	0.720	
0.917	0.537	0.766	0.796	0.116	
0.139	0.510	0.133	0.731	0.270	
0.616	0.308	0.423	0.625	0.810	
0.026	0.216	0.327	0.079	0.560	
0.811	0.807	0.598	0.462	0.752	
0.868	0.752	0.618	0.277	0.258	
0.212	0.413	0.141	0.597	0.655	
0.640	0.691	0.010	0.042	0.191	
0.757	0.910	0.065	0.545	0.660	
0.985	0.446	0.592	0.946	0.893	
0.044	0.427	0.947	0.462	0.705	
0.124	0.626	0.199	0.460	0.499	
0.819	0.123	0.689	0.078	0.859	
0.398	0.358	0.079	0.151	0.041	
0.770	0.735	0.134	0.666	0.767	
0.380	0.651	1.000	0.047	0.744	
0.126	0.419	0.816	0.439	0.089	
0.724	0.062	0.738	0.257	0.282	
0.611	0.860	0.001	0.422	0.022	
0.776	0.399	0.779	0.280	0.334	
0.446	0.544	0.202	0.767	0.625	
0.611	0.904	0.024	0.616	0.400	
0.563	0.461	0.204	0.217	0.208	
0.264	0.688	0.657	0.837	0.622	
0.960	0.301	0.871	0.707	0.323	
0.191	0.932	0.899	0.142	0.769	
0.747	0.976	0.431	0.344	0.563	
0.958	0.613	0.231	0.825	0.036	
0.406	0.900	0.635	0.322	0.311	
0.989	0.294	0.098	0.831	0.844	
0.500	0.637	0.511	0.587	0.470	
0.113	0.857	0.204	0.667	0.998	
0.078	0.792	0.791	0.363	0.157	
0.561	0.569	0.895	0.897	0.275	
0.394	0.559	0.006	0.778	0.460	
0.663	0.360	0.120	0.853	0.078	
0.075	0.695	0.475	0.771	0.669	
0.184	0.641	0.981	0.406	0.397	
0.044	0.334	0.550	0.642	0.847	
0.894	0.857	0.862	0.647	0.629	
0.174	0.245	0.753	0.769	0.805	
0.163	0.740	0.918	0.286	0.472	
0.876	0.798	0.270	0.954	0.147	
0.458	0.240	0.721	0.310	0.667	
0.712	0.032	0.249	0.646	0.220	
0.314	0.253	0.009	0.655	0.501	
0.620	0.202	0.567	0.605	0.199	
0.897	0.204	0.817	0.522	0.726	
0.401	0.260	0.096	0.730	0.332	
0.085	0.904	0.423	0.534	0.641	
0.848	0.207	0.147	0.009	0.972	
0.678	0.148	0.571	0.907	0.958	
0.923	0.395	0.561	0.072	0.616	
0.702	0.541	0.622	0.248	0.373	
0.336	0.298	0.777	0.026	0.864	
0.825	0.103	0.638	0.248	0.636	
0.105	0.438	0.748	0.542	0.697	
0.807	0.006	0.533	0.582	0.195	
0.664	0.195	0.274	0.352	0.064	
0.962	0.319	0.703	0.468	0.982	
0.266	0.175	0.898	0.536	0.409	
0.459	0.604	0.311	0.165	0.672	
0.615	0.988	0.712	0.295	0.728	
0.121	0.208	0.007	0.655	0.383	
0.837	0.154	0.174	0.391	0.070	
0.124	0.879	0.490	0.455	0.366	
0.499	0.326	0.083	0.964	0.489	
0.450	0.035	0.248	0.970	0.686	
0.798	0.526	0.928	0.812	0.826	
0.041	0.100	0.961	0.995	0.838	
0.441	0.213	0.013	0.483	0.940	
0.091	0.934	0.047	0.959	0.424	
0.356	0.342	0.479	0.874	0.090	
0.060	0.900	0.468	0.687	0.021	
0.248	0.013	0.817	0.942	0.624	
0.141	0.466	0.908	0.129	0.032	
0.944	0.443	0.495	0.942	0.143	
0.984	0.604	0.089	0.400	0.390	
0.135	0.780	0.283	0.665	0.550	
0.513	0.111	0.870	0.203	0.900	
0.634	0.053	0.865	0.805	0.496	
0.771	0.518	0.341	0.956	0.487	
0.845	0.647	0.569	0.289	0.576	
0.059	0.814	0.324	0.576	0.949	
0.031	0.266	0.787	0.387	0.195	
0.147	0.011	0.446	0.853	0.623	
0.700	0.568	0.174	0.545	0.099	
0.795	0.926	0.653	0.566	0.925	
0.790	0.765	0.823	0.441	0.104	
0.514	0.496	0.278	0.355	0.366	
0.100	0.424	0.349	0.276	0.934	
0.485	0.692	0.260	0.397	0.975	
0.592	0.774	0.030	0.697	0.081	
0.824	0.129	0.184	0.062	0.563	
0.536	0.969	0.211	0.850	0.607	
0.916	0.510	0.452	0.710	0.456	
0.751	0.049	0.878	0.032	0.588	
0.793	0.143	0.848	0.018	0.971	
0.798	0.469	0.504	0.362	0.254	
0.795	0.612	0.591	0.498	0.598	
0.985	0.826	0.645	0.910	0.348	
0.375	0.472	0.245	0.347	0.692	
0.549	0.412	0.379	0.004	0.794	
0.270	0.668	0.443	0.285	0.212	
0.537	0.687	0.464	0.578	0.710	
0.324	0.301	0.501	0.231	0.444	
0.266	0.106	0.018	0.907	0.339	
0.670	0.873	0.238	0.944	0.523	
0.475	0.406	0.733	0.760	0.260	
0.782	0.040	0.784	0.545	0.471	
0.312	0.090	0.266	0.154	0.719	
0.720	0.627	0.003	0.009	0.706	
0.598	0.007	0.403	0.169	0.074	
0.006	0.646	0.245	0.534	0.230	
0.884	0.898	0.814	0.900	0.447	
0.421	0.311	0.858	0.990	0.697	
0.298	0.492	0.526	0.846	0.259	
0.703	0.849	0.833	0.333	0.024	
0.629	0.704	0.082	0.293	0.591	
0.508	0.920	0.860	0.813	0.361	
0.729	0.926	0.555	0.774	0.014	
0.598	0.740	0.307	0.460	0.017	
0.778	0.170	0.677	0.681	0.969	
0.302	0.321	0.876	0.482	0.498	
0.726	0.385	0.721	0.501	0.958	
0.343	0.039	0.886	0.849	0.680	
0.003	0.398	0.972	0.919	0.128	
0.815	0.845	0.877	0.957	0.382	
0.974	0.351	0.834	0.298	0.244	
0.983	0.581	0.792	0.634	0.165	
0.880	0.974	0.964	0.681	0.726	
0.528	0.583	0.855	0.886	0.783	
0.896	0.431	0.503	0.635	0.804	
0.819	0.842	0.383	0.725	0.319	
0.740	0.084	0.849	0.333	0.846	
0.411	0.757	0.775	0.429	0.760	
0.184	1.000	0.066	0.785	0.573	
0.895	0.337	0.115	0.309	0.973	
0.462	0.152	0.638	0.642	0.889	
0.502	0.501	0.452	0.834	0.227	
0.762	0.017	0.204	0.406	0.696	
0.974	0.898	0.896	0.153	0.633	
0.246	0.740	0.577	0.810	0.434	
0.279	0.865	0.993	0.915	0.316	
0.341	0.931	0.892	0.092	0.978	
0.068	0.645	0.927	0.150	0.436	
0.858	0.622	0.796	0.514	0.444	
0.423	0.255	0.351	0.294	0.029	
0.344	0.200	0.993	0.632	0.531	
0.260	0.546	0.665	0.822	0.858	
0.574	0.303	0.398	0.368	0.839	
0.395	0.408	0.892	0.252	0.552	
0.643	0.545	0.860	0.604	0.902	
0.540	0.584	0.178	0.903	0.019	
0.320	0.328	0.093	0.459	0.767	
0.628	0.494	0.724	0.139	0.673	
0.236	0.035	0.898	0.884	0.215	
0.762	0.192	0.612	0.904	0.839	
0.077	0.448	0.274	0.710	0.015	
0.107	0.534	0.866	0.903	0.766	
0.821	0.526	0.149	0.621	0.539	
0.405	0.513	0.153	0.461	0.632	
0.216	0.280	0.348	0.713	0.566	
0.097	0.585	0.894	0.886	0.433	
0.050	0.312	0.000	0.253	0.498	
0.803	0.944	0.838	0.228	0.223	
0.981	0.571	0.678	0.040	0.020	
0.756	0.550	0.171	0.650	0.177	
0.298	0.726	0.472	0.789	0.765	
0.448	0.021	0.211	0.213	0.163	
0.696	0.638	0.680	0.785	0.250	
0.848	0.108	0.601	0.783	0.855	
0.342	0.503	0.181	0.456	0.918	
0.554	0.876	0.925	0.801	0.650	
0.564	0.683	0.674	0.270	0.354	
0.674	0.320	0.468	0.248	0.954	
0.836	0.237	0.444	0.368	0.639	
0.068	0.497	0.585	0.102	0.201	
0.674	0.247	0.849	0.613	0.614	
0.052	0.202	0.435	0.091	0.128	
0.554	0.963	0.259	0.327	0.459	
0.193	0.312	0.147	0.182	0.351	
0.523	0.499	0.582	0.181	0.095	
0.654	0.550	0.843	0.304	0.502	
0.675	0.490	0.710	0.522	0.010	
0.720	0.415	0.943	0.894	0.481	
0.008	0.321	0.066	0.603	0.313	
0.738	0.862	0.187	0.543	0.414	
0.947	0.742	0.798	0.699	0.999	
0.757	0.139	0.603	0.894	0.637	
0.259	0.540	0.610	0.120	0.233	
0.897	0.656	0.014	0.721	0.331	
0.125	0.603	0.768	0.404	0.781	
0.700	0.883	0.182	0.338	0.515	
0.442	0.240	0.410	0.865	0.416	
0.949	0.101	0.403	0.777	0.824	
0.759	0.929	0.173	0.150	0.883	
0.717	0.298	0.199	0.531	0.038	
0.979	0.005	0.205	0.899	0.505	
0.502	0.388	0.834	0.583	0.807	
0.038	0.826	0.070	0.878	0.330	
0.367	0.460	0.237	0.516	0.598	
0.457	0.483	0.683	0.352	0.120	
0.399	0.869	0.899	0.279	0.312	
0.050	0.599	0.531	0.477	0.736	
0.414	0.339	0.987	0.086	0.582	
0.641	0.166	0.261	0.225	0.302	
0.446	0.490	0.798	0.763	0.319	
0.429	0.299	0.252	0.726	0.929	
0.406	0.674	0.422	0.769	0.088	
0.049	0.847	0.497	0.225	0.397	
0.565	0.845	0.577	0.884	0.878	
0.662	0.474	0.197	0.169	0.158	
0.231	0.958	0.422	0.714	0.725	
0.447	0.130	0.191	0.263	0.203	
0.101	0.306	0.080	0.196	0.849	
0.494	0.410	0.202	0.705	0.979	
0.692	0.064	0.057	0.144	0.215	
0.532	0.376	0.049	0.594	0.982	
0.170	0.061	0.463	0.726	0.305	
0.368	0.342	0.573	0.239	0.555	
0.436	0.295	0.521	0.418	0.501	
0.788	0.433	0.669	0.345	0.286	
0.425	0.603	0.187	0.988	0.169	
0.494	0.696	0.409	0.356	0.105	
0.556	0.952	0.708	0.767	0.807	
0.785	0.661	0.348	0.348	0.706	
0.978	0.533	0.359	0.693	0.267	
0.461	0.869	0.156	0.046	0.038	
0.680	0.639	0.238	0.877	0.614	
0.110	0.755	0.959	0.498	0.583	
0.681	0.225	0.891	0.849	0.459	
0.762	0.162	0.725	0.040	0.919	
0.277	0.623	0.308	0.606	0.786	
0.365	0.311	0.374	0.060	0.739	
0.737	0.911	0.773	0.424	0.331	
0.061	0.859	0.308	0.045	0.623	
0.936	0.767	0.308	0.787	0.700	
0.910	0.052	0.087	0.481	0.096	
0.559	0.781	0.986	0.299	0.943	
0.728	0.465	0.452	0.282	0.049	
0.896	0.651	0.453	0.960	0.744	
0.457	0.583	0.062	0.758	0.851	
0.110	0.638	0.944	0.360	0.496	
0.637	0.009	0.664	0.058	0.901	
0.858	0.092	0.011	0.843	0.086	
0.458	0.813	0.680	0.874	0.478	
0.796	0.550	0.194	0.513	0.299	
0.667	0.364	0.426	0.204	0.273	
0.043	0.423	0.422	0.195	0.701	
0.689	0.975	0.456	0.857	0.270	
0.651	0.773	0.409	0.571	0.100	
0.101	0.260	0.446	0.446	0.790	
0.219	0.636	0.554	0.578	0.067	
0.215	0.749	0.660	0.807	0.662	
0.553	0.807	0.788	0.250	0.086	
0.683	0.439	0.743	0.985	0.198	
0.367	0.234	0.083	0.259	0.160	
0.996	0.615	0.446	0.084	0.989	
0.614	0.766	0.398	0.611	0.490	
0.616	0.634	0.945	0.615	0.006	
0.536	0.714	0.871	0.072	0.284	
0.538	0.325	0.313	0.940	0.105	
0.645	1.000	0.362	0.801	0.605	
0.870	0.156	0.968	0.577	0.598	
0.804	0.045	0.801	0.127	0.839	
0.936	0.716	0.966	0.547	0.358	
0.127	0.803	0.881	0.554	0.367	
0.872	0.282	0.654	0.291	0.840	
0.647	0.869	0.486	0.945	0.810	
0.721	0.597	0.484	0.651	0.681	
0.918	0.980	0.068	0.648	0.409	
0.910	0.991	0.518	0.917	0.666	
0.043	0.659	0.649	0.265	0.997	
0.131	0.876	0.856	0.794	0.148	
0.559	0.484	0.926	0.918	0.824	
0.977	0.153	0.718	0.929	0.945	
0.198	0.049	0.881	0.315	0.468	
0.155	0.616	0.556	0.236	0.997	
0.426	0.860	0.143	0.281	0.163	
0.943	0.568	0.819	0.986	0.744	
0.444	0.766	0.722	0.736	0.720	
0.931	0.187	0.333	0.941	0.756	
0.375	0.962	0.680	0.669	0.618	
0.799	0.506	0.984	0.834	0.188	
0.308	0.037	0.808	0.404	0.115	
0.717	0.204	0.182	0.893	0.791	
0.820	0.776	0.173	0.570	0.236	
0.369	0.212	0.697	0.668	0.649	
0.632	0.722	0.049	0.689	0.388	
0.052	0.739	0.166	0.446	0.739	
0.386	0.413	0.093	0.953	0.623	
0.990	0.550	0.165	0.484	0.562	
0.975	0.635	0.273	0.107	0.742	
0.240	0.631	0.980	0.229	0.748	
0.767	0.818	0.388	0.448	0.922	
0.624	0.715	0.451	0.492	0.727	
0.654	0.017	0.331	0.816	0.185	
0.503	0.066	0.828	0.996	0.737	
0.231	0.468	0.920	0.882	0.814	
0.334	0.601	0.767	0.765	0.337	
0.288	0.674	0.719	0.085	0.369	
0.491	0.763	0.137	0.438	0.487	
0.484	0.337	0.487	0.825	0.744	
0.167	0.353	0.225	0.928	0.905	
0.031	0.213	0.465	0.411	0.478	
0.145	0.669	0.363	0.553	0.133	
0.952	0.313	0.054	0.240	0.171	
0.680	0.505	0.072	0.018	0.150	
0.841	0.900	0.091	0.706	0.018	
0.003	0.509	0.404	0.670	0.665	
0.237	0.215	0.632	0.385	0.975	
0.620	0.478	0.914	0.689	0.056	
0.257	0.065	0.420	0.337	0.643	
0.437	0.396	0.119	0.726	0.164	
0.844	0.821	0.258	0.241	0.794	
0.999	0.833	0.027	0.503	0.525	
0.191	0.449	0.864	0.077	0.695	
0.248	0.633	0.903	0.528	0.243	
0.386	0.347	0.854	0.306	0.020	
0.642	0.850	0.913	0.019	0.170	
0.483	0.901	0.145	0.474	0.788	
0.351	0.555	0.690	0.727	0.987	
0.575	0.386	0.446	0.017	0.871	
0.718	0.566	0.031	0.623	0.794	
0.546	0.206	0.706	0.994	0.361	
0.920	0.113	0.767	0.006	0.648	
0.279	0.337	0.777	0.538	0.615	
0.063	0.418	0.059	0.824	0.531	
0.067	0.872	0.905	0.449	0.180	
0.641	0.860	0.945	0.100	0.529	
0.083	0.907	0.372	0.892	0.146	
0.124	0.608	0.858	0.725	0.933	
0.495	0.866	0.196	0.920	0.704	
0.481	0.996	0.525	0.691	0.077	
0.706	0.086	0.523	0.265	0.463	
0.300	0.335	0.102	0.216	0.796	
0.505	0.909	0.280	0.715	0.783	
0.471	0.581	0.618	0.912	0.581	
0.422	0.535	0.133	0.453	0.361	
0.786	0.383	0.184	0.880	0.306	
0.758	0.729	0.304	0.024	0.175	
0.626	0.657	0.108	0.674	0.544	
0.990	0.946	0.144	0.511	0.961	
0.732	0.743	0.559	0.918	0.099	
0.812	0.495	0.811	0.771	0.948	
0.357	0.218	0.241	0.288	0.673	
0.677	0.993	0.541	0.252	0.516	
0.962	0.136	0.203	0.823	0.739	
0.838	0.059	0.994	0.483	0.609	
0.040	0.323	0.682	0.413	0.428	
0.164	0.943	0.207	0.629	0.765	
0.188	0.052	0.508	0.212	0.490	
0.454	0.286	0.935	0.706	0.931	
0.952	0.661	0.902	0.920	0.409	
0.061	0.146	0.490	0.934	0.870	
0.752	0.603	0.142	0.183	0.170	
0.167	0.733	0.075	0.183	0.224	
0.708	0.606	0.546	0.584	0.010	
0.475	0.302	0.902	0.330	0.777	
0.913	0.504	0.549	0.740	0.288	
0.719	0.540	0.231	0.258	0.998	
0.209	0.024	0.405	0.057	0.581	
0.505	0.924	0.203	0.016	0.152	
0.383	0.605	0.929	0.018	0.448	
0.113	0.162	0.633	0.690	0.521	
0.915	0.231	0.936	0.660	0.085	
0.579	0.738	0.125	0.588	0.661	
0.810	0.873	0.167	0.072	0.324	
0.001	0.618	0.566	0.562	0.362	
0.139	0.270	0.640	0.256	0.998	
0.273	0.612	0.080	0.203	0.140	
0.802	0.105	0.670	0.337	0.400	
0.857	0.333	0.733	0.581	0.888	
0.358	0.641	0.654	0.013	0.114	
0.966	0.672	0.021	0.175	0.501	
0.082	0.430	0.550	0.719	0.810	
0.561	0.600	0.260	0.291	0.722	
0.405	0.393	0.008	0.773	0.452	
0.232	0.514	0.059	0.211	0.035	
0.945	0.545	0.386	0.861	0.057	
0.840	0.090	0.537	0.188	0.712	
0.012	0.819	0.912	0.418	0.397	
0.713	0.662	0.563	0.948	0.343	
0.274	0.522	0.545	0.942	0.812	
0.255	0.792	0.956	0.274	0.876	
0.135	0.833	0.464	0.489	0.263	
0.518	0.133	0.322	0.097	0.899	
0.037	0.313	0.728	0.379	0.131	
0.871	0.463	0.831	0.640	0.977	
0.721	0.103	0.937	0.159	0.811	
0.712	0.923	0.373	0.794	0.321	
0.957	0.216	0.091	0.813	0.976	
0.507	0.184	0.038	0.266	0.842	
0.200	0.732	0.308	0.622	0.170	
0.585	0.386	0.132	0.100	0.332	
0.420	0.162	0.953	0.919	0.919	
0.742	0.651	0.513	0.756	0.334	
0.094	0.055	0.255	0.699	0.304	
0.004	0.142	0.757	0.961	0.286	
0.076	0.699	0.539	0.645	0.301	
0.942	0.984	0.240	0.892	0.970	
0.272	0.860	0.038	0.987	0.863	
0.161	0.836	0.114	0.671	0.502	
0.042	0.281	0.306	0.556	0.123	
0.033	0.769	0.321	0.228	0.601	
0.146	0.240	0.130	0.060	0.560	
0.123	0.965	0.056	0.758	0.906	
0.537	0.842	0.254	0.292	0.813	
0.750	0.699	0.576	0.272	0.236	
0.200	0.437	0.732	0.684	0.931	
0.459	0.410	0.585	0.741	0.818	
0.019	0.184	0.133	0.064	0.736	
0.018	0.785	0.696	0.050	0.411	
0.137	0.538	0.399	0.267	0.842	
0.845	0.574	0.872	0.193	0.574	
0.359	0.580	0.410	0.582	0.962	
0.107	0.066	0.324	0.543	0.339	
0.270	0.006	0.347	0.770	0.998	
0.442	0.987	0.450	0.968	0.176	
0.827	0.383	0.698	0.877	0.844	
0.857	0.322	0.102	0.969	0.352	
0.343	0.260	0.198	0.479	0.749	
0.178	0.786	0.294	0.737	0.575	
0.798	0.246	0.081	0.235	0.310	
0.155	0.701	0.390	0.998	0.988	
0.252	0.770	0.224	0.221	0.016	
0.382	0.931	0.833	0.783	0.321	
0.772	0.587	0.967	0.541	0.024	
0.925	0.112	0.460	0.843	0.741	
0.597	0.451	0.981	0.925	0.057	
0.159	0.477	0.861	0.747	0.475	
0.391	0.269	0.186	0.031	0.572	
0.673	0.231	0.938	0.725	0.254	
0.674	0.834	0.895	0.834	0.201	
0.794	0.101	0.310	0.252	0.996	
0.224	0.529	0.251	0.513	0.860	
0.500	0.038	0.190	0.444	0.150	
0.992	0.108	0.530	0.647	0.938	
0.692	0.133	0.340	0.230	0.824	
0.802	0.208	0.847	0.517	0.068	
0.200	0.468	0.064	0.557	0.121	
0.287	0.417	0.324	0.325	0.399	
0.162	0.656	0.384	0.634	0.981	
0.098	0.598	0.495	0.430	0.872	
0.626	0.048	0.317	0.132	0.594	
0.633	0.246	0.695	0.875	0.937	
0.111	0.927	0.188	0.461	0.339	
0.382	0.806	0.810	0.053	0.395	
0.612	0.100	0.775	0.312	0.645	
0.816	0.208	0.636	0.191	0.556	
0.513	0.972	0.580	0.957	0.273	
0.280	0.603	0.218	0.739	0.481	
0.607	0.881	0.272	0.004	0.549	
0.556	0.609	0.322	0.336	0.281	
0.390	0.860	0.239	0.316	0.114	
0.076	0.737	0.175	0.322	0.353	
0.643	0.477	0.135	0.456	0.504	
0.046	0.916	0.457	0.790	0.826	
0.197	0.488	0.771	0.005	0.753	
0.861	0.459	0.198	0.569	0.080	
0.033	0.314	0.838	0.913	0.036	
0.837	0.125	0.453	0.227	0.364	
0.146	0.429	0.913	0.285	0.118	
0.775	0.501	0.999	0.796	0.695	
0.150	0.124	0.767	0.201	0.356	
0.546	0.401	0.403	0.078	0.239	
0.612	0.722	0.095	0.989	0.497	
0.048	0.222	0.171	0.386	0.271	
0.415	0.458	0.993	0.131	0.047	
0.365	0.570	0.649	0.207	0.460	
0.056	0.120	0.329	0.468	0.311	
0.219	0.849	0.415	0.987	0.614	
0.954	0.067	0.956	0.949	0.687	
0.435	0.782	0.238	0.754	0.436	
0.930	0.350	0.589	0.235	0.094	
0.004	0.438	0.733	0.046	0.326	
0.552	0.988	0.090	0.625	0.658	
0.656	0.139	0.040	0.810	0.613	
0.440	0.932	0.632	0.834	0.485	
0.108	0.404	0.895	0.953	0.361	
0.837	0.603	0.881	0.908	0.068	
0.030	0.704	0.810	0.655	0.080	
0.809	0.606	0.374	0.175	0.021	
0.434	0.121	0.464	0.580	0.031	
0.887	0.285	0.393	0.536	0.094	
0.747	0.708	0.328	0.026	0.974	
0.734	0.924	0.391	0.246	0.743	
0.382	0.716	0.450	0.637	0.221	
0.018	0.576	0.230	0.582	0.553	
0.647	0.240	0.299	0.391	0.361	
0.696	0.568	0.927	0.387	0.913	
0.213	0.634	0.165	0.686	0.314	
0.254	0.173	0.434	0.062	0.233	
0.375	0.792	0.622	0.374	0.195	
0.823	0.073	0.219	0.335	0.319	
0.359	0.005	0.369	0.181	0.535	
0.074	0.163	0.340	0.660	0.480	
0.750	0.957	0.184	0.509	0.007	
0.924	0.828	0.262	0.026	0.195	
0.503	0.012	0.247	0.233	0.288	
0.234	0.930	0.210	0.826	0.622	
0.405	0.587	0.728	0.163	0.256	
0.450	0.656	0.679	0.390	0.426	
0.911	0.407	0.867	0.730	0.364	
0.545	0.389	0.086	0.961	0.893	
0.863	0.393	0.713	0.914	0.772	
0.278	0.681	0.018	0.279	0.624	
0.507	0.661	0.270	0.053	0.839	
0.549	0.317	0.779	0.644	0.379	
0.439	0.176	0.066	0.302	0.640	
0.619	0.534	0.319	0.517	0.957	
0.249	0.192	0.548	0.998	0.898	
0.926	0.458	0.323	0.707	0.134	
0.877	0.035	0.011	0.987	0.735	
0.342	0.565	0.090	0.744	0.011	
0.070	0.569	0.004	0.644	0.671	
0.845	0.715	0.016	0.846	0.820	
0.047	0.695	0.572	0.490	0.630	
0.626	0.259	0.066	0.104	0.208	
0.752	0.688	0.899	0.367	0.369	
0.607	0.062	0.659	0.969	0.774	
0.819	0.303	0.671	0.137	0.201	
0.497	0.976	0.508	0.268	0.299	
0.199	0.219	0.499	0.382	0.189	
0.136	0.644	0.619	0.128	0.280	
0.907	0.121	0.970	0.193	0.768	
0.898	0.867	0.442	0.174	0.869	
0.207	0.748	0.547	0.621	0.480	
0.476	0.073	0.108	0.441	0.491	
0.615	0.448	0.976	0.928	0.845	
0.567	0.929	0.174	0.601	0.709	
0.195	0.216	0.795	0.905	0.612	
0.555	0.124	0.515	0.722	0.021	
0.903	0.400	0.827	0.809	0.584	
0.243	0.571	0.537	0.621	0.207	
0.469	0.017	0.419	0.085	0.690	
0.326	0.066	0.581	0.213	0.774	
0.352	0.721	0.153	0.967	0.807	
0.920	0.738	0.037	0.360	0.233	
0.502	0.571	0.820	0.284	0.145	
0.430	0.557	0.843	0.155	0.242	
0.863	0.593	0.388	0.935	0.843	
0.495	0.642	0.938	0.804	0.634	
0.387	0.478	0.362	0.788	0.401	
0.829	0.007	0.525	0.439	0.686	
0.728	0.382	0.380	0.344	0.876	
0.629	0.484	0.242	0.195	0.684	
0.127	0.777	0.578	0.387	0.874	
0.359	0.366	0.566	0.978	0.913	
0.213	0.598	0.670	0.548	0.774	
0.189	0.440	0.940	0.269	0.802	
0.074	0.601	0.959	0.558	0.736	
0.817	0.810	0.548	0.968	0.136	
0.276	0.373	0.826	0.721	0.174	
0.880	0.692	0.240	0.627	0.640	
0.567	0.585	0.170	0.612	0.127	
0.423	0.822	0.608	0.060	0.819	
0.935	0.274	0.059	0.407	0.755	
0.950	0.857	0.213	0.994	0.667	
0.126	0.938	0.338	0.346	0.627	
0.429	0.782	0.936	0.646	0.766	
0.619	0.332	0.210	0.983	0.138	
0.327	0.900	0.151	0.981	0.866	
0.953	0.335	0.974	0.469	0.151	
0.434	0.488	0.376	0.547	0.451	
0.910	0.304	0.981	0.874	0.948	
0.253	0.960	0.474	0.801	0.523	
0.671	0.626	0.193	0.865	0.600	
0.300	0.590	0.256	0.320	0.463	
0.481	0.666	0.544	0.757	0.821	
0.957	0.464	0.398	0.375	0.469	
0.877	0.462	0.846	0.243	0.948	
0.706	0.016	0.118	0.538	0.027	
0.310	0.894	0.661	0.403	0.472	
0.669	0.430	0.712	0.329	0.477	
0.024	0.978	0.172	0.982	0.033	
0.842	0.135	0.631	0.000	0.546	
0.944	0.935	0.774	0.213	0.776	
0.965	0.790	0.393	0.931	0.869	
0.878	0.927	0.843	0.439	0.503	
0.494	0.562	0.724	0.980	0.822	
0.833	0.397	0.828	0.525	0.089	
0.527	0.072	0.030	0.172	0.741	
0.226	0.724	0.608	0.158	0.432	
0.968	0.818	0.964	0.969	0.175	
0.869	0.988	0.350	0.655	0.190	
0.580	0.344	0.457	0.944	0.315	
0.063	0.601	0.828	0.805	0.717	
0.327	0.616	0.781	0.809	0.147	
0.826	0.425	0.756	0.001	0.890	
0.577	0.187	0.249	0.923	0.150	
0.104	0.779	0.665	0.759	0.233	
0.569	0.023	0.808	0.025	0.200	
0.456	0.249	0.363	0.595	0.401	
0.299	0.852	0.157	0.542	0.391	
0.631	0.715	0.046	0.024	0.764	
0.209	0.685	0.896	0.958	0.011	
0.321	0.650	0.919	0.115	0.607	
0.351	0.465	0.210	0.317	0.476	
0.459	0.239	0.418	0.516	0.110	
0.379	0.732	0.236	0.681	0.892	
0.291	0.291	0.912	0.829	0.455	
0.860	0.550	0.152	0.881	0.104	
0.813	0.491	0.261	0.724	0.997	
0.010	0.946	0.079	0.290	0.920	
0.120	0.920	0.861	0.499	0.340	
0.424	0.134	0.195	0.309	0.349	
0.135	0.744	0.076	0.907	0.508	
0.159	0.658	0.391	0.609	0.341	
0.519	0.131	0.026	0.356	0.539	
0.378	0.919	0.175	0.686	0.245	
0.537	0.927	0.332	0.756	0.547	
0.215	0.005	0.321	0.296	0.202	
0.159	0.543	0.540	0.585	0.681	
0.465	0.417	0.368	0.458	0.633	
0.027	0.904	0.604	0.675	0.584	
0.993	0.530	0.743	0.793	0.209	
0.129	0.874	0.013	0.147	0.976	
0.201	0.536	0.321	0.827	0.694	
0.240	0.023	0.151	0.708	0.492	
0.228	0.422	0.772	0.545	0.848	
0.176	0.382	0.477	0.116	0.663	
0.914	0.185	0.780	0.346	0.679	
0.684	0.494	0.602	0.962	0.136	
0.392	0.832	0.093	0.453	0.043	
0.249	0.596	0.913	0.785	0.851	
0.521	0.127	0.559	0.921	0.079	
0.345	0.963	0.448	0.530	0.445	
0.380	0.411	0.185	0.840	0.809	
0.704	0.228	0.374	0.652	0.991	
0.426	0.238	0.923	0.641	0.706	
0.295	0.851	0.466	0.503	0.213	
0.934	0.947	0.671	0.282	0.503	
0.000	0.940	0.536	0.975	0.455	
0.120	0.951	0.971	0.710	0.154	
0.909	0.452	0.747	0.747	0.640	
0.745	0.447	0.282	0.638	0.587	
0.180	0.889	0.639	0.577	0.345	
0.023	0.911	0.555	0.990	0.260	
0.461	0.214	0.131	0.655	0.794	
0.776	0.627	0.904	0.351	0.681	
0.791	0.641	0.003	0.119	0.115	
0.212	0.890	0.159	0.190	0.023	
0.392	0.681	0.022	0.042	0.786	
0.809	0.881	0.181	0.679	0.492	
0.046	0.620	0.028	0.363	0.268	
0.449	0.627	0.632	0.920	0.533	
0.557	0.123	0.448	0.564	0.787	
0.208	0.617	0.534	0.558	0.214	
0.030	0.374	0.311	0.768	0.414	
0.594	0.102	0.293	0.526	0.328	
1.000	0.272	0.431	0.149	0.234	
0.518	0.555	0.555	0.328	0.596	
0.355	0.600	0.976	0.992	0.019	
0.370	0.254	0.628	0.192	0.707	
0.588	0.655	0.351	0.492	0.775	
0.189	0.880	0.129	0.750	0.893	
0.072	0.304	0.408	0.937	0.202	
0.523	0.472	0.572	0.769	0.838	
0.363	0.906	0.367	0.507	0.442	
0.719	0.960	0.276	0.640	0.406	
0.222	0.164	0.776	0.435	0.928	
0.968	0.023	0.212	0.032	0.995	
0.084	0.983	0.559	0.233	0.449	
0.233	0.469	0.550	0.300	0.410	
0.978	0.989	0.786	0.485	0.424	
0.879	0.916	0.565	0.807	0.165	
0.668	0.097	0.755	0.809	0.089	
0.745	0.734	0.704	0.753	0.290	
0.003	0.022	0.469	0.428	0.385	
0.917	0.581	0.022	0.019	0.840	
0.043	0.711	0.833	0.241	0.554	
0.067	0.021	0.625	0.839	0.223	
0.290	0.507	0.279	0.706	0.081	
0.962	0.091	0.848	0.532	0.653	
0.447	0.531	0.459	0.367	0.267	
0.156	0.545	0.930	0.356	0.858	
0.291	0.726	0.584	0.876	0.161	
0.818	0.049	0.728	0.127	0.654	
0.488	0.857	0.221	0.637	0.556	
0.490	0.009	0.062	0.119	0.761	
0.036	0.092	0.662	0.983	0.752	
0.985	0.249	0.365	0.394	0.250	
0.972	0.897	0.711	0.569	0.801	
0.651	0.058	0.069	0.525	0.471	
0.081	0.729	0.771	0.617	0.354	
0.869	0.477	0.614	0.281	0.907	
0.180	0.536	0.107	0.886	0.394	
0.015	0.015	0.074	0.510	0.760	
0.981	0.203	0.656	0.573	0.304	
0.128	0.450	0.020	0.202	0.621	
0.533	0.447	0.837	0.854	0.856	
0.556	0.555	0.097	0.358	0.970	
0.234	0.291	0.884	0.490	0.991	
0.694	0.055	0.996	0.497	0.523	
0.608	0.049	0.324	0.850	0.549	
0.892	0.916	0.761	0.799	0.314	
0.380	0.256	0.311	0.673	0.889	
0.653	0.617	0.895	0.700	0.960	
0.019	0.577	0.987	0.152	0.932	
0.880	0.806	0.024	0.568	0.236	
0.534	0.258	0.403	0.307	0.153	
0.191	0.526	0.181	0.966	0.903	
0.939	0.202	0.658	0.011	0.215	
0.713	0.897	0.338	0.059	0.814	
0.250	0.972	0.929	0.287	0.074	
0.791	0.921	0.543	0.396	0.365	
0.735	0.795	0.896	0.375	0.178	
0.598	0.300	0.458	0.176	0.756	
0.279	0.836	0.886	0.710	0.047	
0.648	0.701	0.078	0.141	0.959	
0.262	0.629	0.022	0.871	0.798	
0.463	0.507	0.932	0.975	0.593	
0.226	0.723	0.790	0.147	0.660	
0.366	0.773	0.301	0.168	0.065	
0.196	0.260	0.918	0.855	0.987	
0.343	0.907	0.416	0.275	0.328	
0.413	0.611	0.421	0.139	0.012	
0.005	0.748	0.716	0.811	0.826	
0.999	0.290	0.111	0.560	0.019	
0.917	0.030	0.723	0.704	0.741	
0.285	0.803	0.813	0.546	0.651	
0.208	0.069	0.732	0.786	0.458	
0.759	0.217	0.164	0.767	0.226	
0.433	0.679	0.587	0.640	0.449	
0.742	0.578	0.464	0.324	0.911	
0.457	0.105	0.310	0.336	0.135	
0.838	0.684	0.489	0.869	0.654	
0.394	0.257	0.913	0.580	0.325	
0.161	0.075	0.362	0.083	0.421	
0.827	0.787	0.649	0.562	0.812	
0.721	0.387	0.570	0.903	0.601	
0.313	0.944	0.892	0.257	0.951	
0.884	0.819	0.206	0.133	0.598	
0.142	0.802	0.684	0.805	0.606	
0.893	0.939	0.078	0.638	0.022	
0.191	0.894	0.422	0.310	0.144	
0.161	0.418	0.079	0.184	0.955	
0.865	0.283	0.736	0.056	0.253	
0.455	0.108	0.973	0.433	0.223	
0.997	0.724	0.061	0.230	0.933	
0.365	0.339	0.418	0.650	0.303	
0.308	0.386	0.948	0.736	0.030	
0.208	0.836	0.004	0.496	0.383	
0.711	0.233	0.701	0.375	0.145	
0.077	0.623	0.575	0.674	0.528	
0.600	0.660	0.987	0.719	0.883	
0.508	0.474	0.574	0.113	0.954	
0.582	0.075	0.688	0.572	0.154	
0.050	0.036	0.681	0.108	0.378	
0.533	0.300	0.905	0.623	0.337	
0.737	0.343	0.347	0.425	0.891	
0.765	0.305	0.696	0.721	0.234	
0.698	0.376	0.582	0.981	0.172	
0.155	0.896	0.118	0.504	0.178	
0.933	0.796	0.752	0.808	0.340	
0.280	0.227	0.249	0.637	0.835	
0.355	0.291	0.998	0.649	0.809	
0.098	0.991	0.132	0.782	0.427	
0.179	0.570	0.068	0.976	0.116	
0.240	0.929	0.300	0.038	0.306	
0.051	0.268	0.788	0.982	0.446	
0.345	0.698	0.616	0.793	0.774	
0.173	0.914	0.294	0.055	0.129	
0.308	0.606	0.865	0.932	0.226	
0.596	0.080	0.906	0.872	0.882	
0.528	0.964	0.826	0.894	0.935	
0.529	0.633	0.844	0.061	0.182	
0.377	0.704	0.594	0.681	0.790	
0.385	0.268	0.850	0.201	0.583	
0.490	0.162	0.104	0.234	0.712	
0.964	0.474	0.144	0.777	0.418	
0.424	0.727	0.800	0.069	0.641	
0.104	0.935	0.003	0.388	0.905	
0.064	0.093	0.473	0.639	0.146	
0.503	0.631	0.220	0.262	0.122	
0.936	0.244	0.096	0.464	0.103	
0.237	0.026	0.825	0.294	0.425	
0.698	0.840	0.673	0.277	0.313	
0.611	0.121	0.042	0.644	0.883	
0.637	0.630	0.939	0.461	0.554	
0.918	0.008	0.770	0.609	0.727	
0.448	0.319	0.352	0.721	0.584	
0.054	0.522	0.757	0.030	0.983	
0.893	0.360	0.506	0.267	0.434	
0.154	0.012	0.085	0.228	0.495	
0.860	0.611	0.535	0.674	0.617	
0.875	0.744	0.743	0.519	0.183	
0.504	0.068	0.264	0.442	0.804	
0.481	0.167	0.010	0.879	0.457	
0.110	0.957	0.415	0.388	0.777	
0.019	0.404	0.787	0.937	0.043	
0.264	0.027	0.089	0.544	0.944	
0.251	0.910	0.916	0.103	0.888	
0.512	0.878	0.573	0.873	0.936	
0.945	0.118	0.490	0.415	0.750	
0.224	0.148	0.186	0.231	0.833	
0.522	0.991	0.729	0.366	0.771	
0.834	0.827	0.416	0.295	0.992	
0.190	0.690	0.569	0.869	0.536	
0.049	0.520	0.464	0.707	0.886	
0.809	0.229	0.157	0.943	0.497	
0.413	0.058	0.570	0.272	0.430	
0.200	0.673	0.249	0.953	0.061	
0.341	0.048	0.567	0.839	0.992	
0.414	0.867	0.987	0.127	0.715	
0.961	0.547	0.918	0.337	0.166	
0.578	0.914	0.801	0.633	0.849	
0.742	0.776	0.306	0.356	0.492	
0.779	0.849	0.456	0.999	0.776	
0.824	0.581	0.742	0.821	0.087	
0.973	0.546	0.370	0.720	0.231	
0.316	0.356	0.310	0.648	0.671	
0.282	0.265	0.916	0.938	0.421	
0.824	0.793	0.954	0.284	0.760	
0.306	0.746	0.752	0.020	0.867	
0.497	0.268	0.896	0.399	0.606	
0.237	0.270	0.666	0.884	0.313	
0.998	0.863	0.212	0.025	0.949	
0.823	0.021	0.766	0.732	0.473	
0.103	0.704	0.980	0.909	0.327	
0.314	0.846	0.422	0.482	0.736	
0.277	0.703	0.836	0.918	0.318	
0.493	0.099	0.623	0.722	0.459	
0.243	0.150	0.206	0.949	0.721	
0.089	0.974	0.375	0.446	0.460	
0.324	0.271	0.283	0.591	0.794	
0.432	0.978	0.081	0.112	0.138	
0.647	0.944	0.425	0.070	0.848	
0.657	0.263	0.303	0.860	0.848	
0.646	0.502	0.286	0.013	0.778	
0.433	0.696	0.318	0.533	0.882	
0.869	0.340	0.369	0.598	0.630	
0.759	0.411	0.848	0.470	0.836	
0.835	0.320	0.862	0.611	0.597	
0.648	0.920	0.936	0.943	0.656	
0.278	0.057	0.564	0.591	0.984	
0.901	0.685	0.961	0.035	0.020	
0.129	0.611	0.276	0.303	0.327	
0.082	0.814	0.473	0.200	0.737	
0.327	0.361	0.204	0.571	0.589	
0.771	0.721	0.421	0.794	0.532	
0.011	0.357	0.498	0.862	0.739	
0.729	0.093	0.295	0.303	0.677	
0.598	0.375	0.270	0.099	0.508	
0.959	0.659	0.040	0.008	0.877	
0.199	0.515	0.148	0.124	0.267	
0.700	0.702	0.852	0.255	0.809	
0.390	0.657	0.358	0.423	0.754	
0.341	0.177	0.795	0.367	0.423	
0.773	0.465	0.323	0.538	0.813	
0.212	0.079	0.304	0.889	0.537	
0.019	0.569	0.540	0.723	0.621	
0.700	0.139	0.439	0.985	0.388	
0.915	0.501	0.936	0.254	0.824	
0.910	0.946	0.561	0.695	0.747	
0.580	0.736	0.119	0.339	0.180	
0.946	0.609	0.401	0.645	1.000	
0.263	0.868	0.867	0.893	0.889	
0.721	0.105	0.598	0.844	0.395	
0.616	0.099	0.620	0.843	0.037	
0.346	0.984	0.358	0.867	0.603	
0.678	0.659	0.889	0.443	0.756	
0.701	0.673	0.830	0.732	0.979	
0.035	0.841	0.140	0.993	0.299	
0.401	0.316	0.410	0.787	0.564	
0.962	0.203	0.829	0.144	0.902	
0.077	0.230	0.896	0.424	0.245	
0.936	0.572	0.913	0.021	0.422	
0.728	0.874	0.594	0.488	0.405	
0.694	0.811	0.280	0.433	0.413	
0.271	0.476	0.941	0.960	0.116	
0.088	0.934	0.622	0.667	0.106	
0.746	0.868	0.384	0.334	0.974	
0.798	0.236	0.244	0.573	0.340	
0.030	0.860	0.560	0.886	0.130	
0.840	0.469	0.827	0.448	0.874	
0.270	0.206	0.477	0.796	0.331	
0.362	0.512	0.091	0.271	0.138	
0.336	0.669	0.448	0.391	0.867	
0.314	0.707	0.358	0.565	0.226	
0.983	0.832	0.559	0.143	0.064	
0.999	0.145	0.629	0.754	0.576	
0.843	0.351	0.529	0.770	0.077	
0.420	0.664	0.942	0.106	0.485	
0.528	0.887	0.008	0.114	0.047	
0.028	0.002	0.743	0.066	0.840	
0.323	0.199	0.694	0.298	0.427	
0.856	0.947	0.026	0.254	0.942	
0.848	0.149	0.165	0.653	0.808	
0.782	0.440	0.344	0.840	0.312	
0.964	0.291	0.725	0.902	0.785	
0.139	0.261	0.717	0.209	0.052	
0.119	0.375	0.813	0.727	0.694	
0.186	0.876	0.962	0.295	0.980	
0.059	0.598	0.266	0.173	0.564	
0.595	0.283	0.212	0.262	0.889	
0.741	0.026	0.857	0.788	0.205	
0.824	0.881	0.571	0.732	0.670	
0.071	0.065	0.959	0.961	0.790	
0.551	0.899	0.480	0.244	0.187	
0.156	0.082	0.950	0.571	0.938	
0.434	0.937	0.698	0.961	0.258	
0.690	0.984	0.539	0.981	0.054	
0.416	0.852	0.938	0.143	0.287	
0.396	0.718	0.108	0.824	0.666	
0.516	0.316	0.602	0.626	0.161	
0.347	0.514	0.302	0.631	0.052	
0.042	0.318	0.807	0.150	0.408	
0.029	0.633	0.589	0.383	0.675	
0.346	0.850	0.137	0.124	0.035	
0.583	0.879	0.618	0.026	0.810	
0.780	0.319	0.519	0.896	0.116	
0.130	0.547	0.553	0.229	0.056	
0.395	0.157	0.307	0.708	0.566	
0.715	0.814	0.109	0.705	0.517	
0.100	0.083	0.014	0.787	0.736	
0.997	0.082	0.730	0.045	0.217	
0.967	0.748	0.402	0.995	0.647	
0.161	0.500	0.442	0.842	0.315	
0.819	0.480	0.678	0.157	0.246	
0.768	0.123	0.336	0.299	0.586	
0.797	0.888	0.981	0.593	0.032	
0.917	0.524	0.249	0.955	0.629	
0.105	0.711	0.914	0.237	0.915	
0.479	0.149	0.462	0.798	0.592	
0.477	0.809	0.119	0.721	0.213	
0.101	0.422	0.876	0.703	0.080	
0.558	0.481	0.090	0.588	0.862	
0.037	0.488	0.758	0.732	0.683	
0.351	0.980	0.044	0.723	0.342	
0.671	0.559	0.437	0.033	0.666	
0.701	0.461	0.596	0.506	0.239	
0.407	0.891	0.005	0.995	0.429	
0.766	0.518	0.272	0.278	0.125	
0.667	0.192	0.895	0.244	0.920	
0.713	0.428	0.131	0.891	0.017	
0.213	0.612	0.482	0.806	0.210	
0.417	0.826	0.709	0.651	0.792	
0.963	0.818	0.310	0.737	0.371	
0.296	0.863	0.488	0.763	0.638	
0.552	0.913	0.832	0.325	0.458	
0.947	0.955	0.228	0.456	0.284	
0.635	0.887	0.856	0.447	0.444	
0.073	0.695	0.624	0.133	0.903	
0.030	0.509	0.640	0.573	0.754	
0.360	0.570	0.786	0.973	0.758	
0.201	0.675	0.608	0.382	0.326	
0.757	0.035	0.362	0.137	0.722	
0.513	0.084	0.518	0.889	0.934	
0.309	0.670	0.165	0.617	0.936	
0.293	0.702	0.790	0.880	0.351	
0.238	0.224	0.943	0.132	0.190	
0.920	0.866	0.319	0.561	0.122	
0.803	0.337	0.558	0.510	0.765	
0.025	0.007	0.196	0.610	0.327	
0.719	0.760	0.221	0.516	0.136	
0.626	0.654	0.783	0.839	0.335	
0.357	0.046	0.260	0.523	0.420	
0.477	0.852	0.372	0.697	0.365	
0.077	0.322	0.279	0.606	0.590	
0.910	0.943	0.101	0.800	0.667	
0.049	0.008	0.042	0.016	0.881	
0.178	0.684	0.609	0.770	0.442	
0.014	0.946	0.864	0.756	0.726	
0.015	0.279	0.904	0.175	0.115	
0.907	0.396	0.943	0.279	0.711	
0.718	0.206	0.635	0.958	0.943	
0.045	0.012	0.396	0.322	0.410	
0.182	0.503	0.797	0.404	0.198	
0.948	0.198	0.582	0.160	0.170	
0.927	0.336	0.328	0.879	0.192	
0.738	0.466	0.842	0.724	0.004	
0.995	0.646	0.694	0.471	0.995	
0.180	0.812	0.366	0.244	0.065	
0.749	0.282	0.596	0.556	0.089	
0.943	0.576	0.296	0.923	0.441	
0.553	0.219	0.275	0.716	0.072	
0.511	0.164	0.963	0.763	0.233	
0.646	0.152	0.256	0.662	0.900	
0.907	0.241	0.316	0.255	0.372	
0.902	0.659	0.693	0.729	0.373	
0.117	0.053	0.162	0.120	0.226	
0.302	0.879	0.961	0.771	0.349	
0.494	0.438	0.809	0.095	0.273	
0.571	0.050	0.989	0.693	0.847	
0.622	0.903	0.826	0.715	0.826	
0.523	0.134	0.803	0.139	0.674	
0.258	0.504	0.367	0.579	0.073	
0.355	0.868	0.490	0.662	0.596	
0.163	0.563	0.815	0.278	0.005	
0.415	0.600	0.429	0.850	0.768	
0.857	0.453	0.590	0.699	0.858	
0.550	0.795	0.541	0.154	0.946	
0.011	0.471	0.109	0.753	0.331	
0.875	0.994	0.817	0.268	0.156	
0.450	0.560	0.843	0.079	0.766	
0.450	0.236	0.016	0.968	0.973	
0.339	0.262	0.193	0.663	0.787	
0.395	0.615	0.248	0.197	0.361	
0.051	0.222	0.507	0.146	0.603	
0.720	0.736	0.512	0.554	0.179	
0.584	0.461	0.877	0.429	0.595	
0.365	0.397	0.037	0.071	0.155	
0.180	0.293	0.956	0.586	0.960	
0.249	0.602	0.607	0.728	0.156	
0.259	0.305	0.714	0.977	0.866	
0.100	0.967	0.650	0.171	0.085	
0.839	0.980	0.897	0.818	0.158	
0.969	0.607	0.703	0.538	0.793	
0.008	0.520	0.042	0.102	0.747	
0.508	0.530	0.279	0.503	0.753	
0.086	0.341	0.470	0.340	0.604	
0.563	0.058	0.271	0.626	0.235	
0.790	0.334	0.533	0.362	0.172	
0.773	0.914	0.484	0.213	0.741	
0.072	0.327	0.225	0.402	0.173	
0.963	0.244	0.637	0.262	0.536	
0.908	0.379	0.545	0.850	0.049	
0.646	0.365	0.456	0.986	0.196	
0.123	0.489	0.797	0.720	0.680	
0.296	0.640	0.929	0.783	0.264	
0.893	0.017	0.967	0.845	0.707	
0.796	0.619	0.290	0.959	0.199	
0.602	0.285	0.430	0.018	0.667	
0.845	0.735	0.642	0.492	0.477	
0.275	0.555	0.430	0.477	0.180	
0.310	0.258	0.557	0.466	0.167	
0.625	0.347	0.303	0.338	0.306	
0.094	0.115	0.832	0.382	0.801	
0.629	0.814	0.494	0.719	0.568	
0.059	0.320	0.540	0.370	0.037	
0.082	0.463	0.617	0.639	0.546	
0.714	0.629	0.539	0.613	0.681	
0.788	0.908	0.158	0.569	0.788	
0.791	0.710	0.077	0.099	0.786	
0.415	0.102	0.122	0.439	0.193	
0.092	0.813	0.838	0.634	0.596	
0.629	0.018	0.853	0.486	0.837	
0.439	0.145	0.769	0.518	0.303	
0.405	0.755	0.283	0.015	0.214	
0.713	0.372	0.280	0.476	0.246	
0.482	0.906	0.774	0.408	0.064	
0.611	0.131	0.802	0.107	0.569	
0.860	0.021	0.310	0.276	0.032	
0.625	0.143	0.355	0.076	0.419	
0.430	0.327	0.623	0.540	0.933	
0.195	0.348	0.031	0.129	0.481	
0.683	0.036	0.527	0.028	0.769	
0.997	0.543	0.209	0.805	0.814	
0.002	0.414	0.442	0.885	0.974	
0.428	0.660	0.475	0.281	0.517	
0.025	0.249	0.995	0.563	0.446	
0.379	0.747	0.639	0.066	0.068	
0.921	0.997	0.294	0.566	0.446	
0.579	0.426	0.302	0.605	0.965	
0.669	0.074	0.558	0.394	0.182	
0.707	0.628	0.977	0.487	0.816	
0.601	0.393	0.063	0.413	0.761	
0.039	0.233	0.461	0.323	0.419	
0.117	0.908	0.200	0.849	0.334	
0.339	0.884	0.491	0.793	0.720	
0.032	0.498	0.794	0.702	0.424	
0.856	0.581	0.802	0.407	0.146	
0.286	0.315	0.648	0.951	0.014	
0.797	0.445	0.233	0.107	0.695	
0.935	0.509	0.884	0.933	0.171	
0.281	0.856	0.970	0.326	0.150	
0.047	0.175	0.080	0.669	0.315	
0.077	0.415	0.462	0.747	0.242	
0.788	0.228	0.216	0.724	0.182	
0.398	0.316	0.916	0.163	0.059	
0.028	0.521	0.466	0.571	0.985	
0.323	0.713	0.032	0.108	0.778	
0.119	0.055	0.165	0.358	0.057	
0.099	0.924	0.769	0.615	0.481	
0.529	0.070	0.048	0.666	0.414	
0.043	0.313	0.948	0.848	0.568	
0.824	0.862	0.548	0.007	0.929	
0.120	0.915	0.312	0.258	0.978	
0.491	0.694	0.132	0.761	0.259	
0.158	0.168	0.058	0.768	0.355	
0.003	0.967	0.314	0.491	0.204	
0.659	0.918	0.563	0.056	0.203	
0.798	0.721	0.850	0.800	0.425	
0.923	0.404	0.099	0.899	0.932	
0.866	0.001	0.260	0.478	0.562	
0.756	0.557	0.462	0.755	0.125	
0.750	0.893	0.646	0.770	0.103	
0.011	0.748	0.356	0.504	0.198	
0.511	0.213	0.359	0.047	0.625	
0.692	0.872	0.283	0.697	0.403	
0.610	0.595	0.012	0.230	0.253	
0.075	0.669	0.721	0.101	0.648	
0.170	0.208	0.552	0.005	0.287	
0.508	0.491	0.754	0.733	0.051	
0.121	0.402	0.496	0.321	0.271	
0.989	0.030	0.226	0.488	0.087	
0.836	0.361	0.108	0.954	0.542	
0.340	0.641	0.483	0.594	0.520	
0.994	0.329	0.771	0.147	0.390	
0.811	0.863	0.725	0.354	0.703	
0.842	0.057	0.209	0.316	0.774	
0.235	0.905	0.276	0.710	0.734	
0.028	0.238	0.507	0.127	0.176	
0.879	0.782	0.858	0.896	0.698	
0.628	0.028	0.029	0.209	0.064	
0.193	0.180	0.547	0.036	0.084	
0.754	0.516	0.753	0.059	0.598	
0.854	0.981	0.778	0.664	0.559	
0.783	0.587	0.897	0.893	0.966	
0.656	0.741	0.938	0.326	0.618	
0.683	0.179	0.318	0.619	0.088	
0.542	0.456	0.257	0.177	0.381	
0.924	0.497	0.046	0.176	0.246	
0.651	0.610	0.234	0.210	0.223	
0.040	0.920	0.570	0.080	0.944	
0.850	0.410	0.121	0.522	0.737	
0.923	0.370	0.656	0.161	0.257	
0.469	0.578	0.813	0.947	0.244	
0.746	0.568	0.441	0.518	0.862	
0.017	0.817	0.949	0.116	0.301	
0.331	0.817	0.804	0.881	0.760	
0.809	0.662	0.459	0.831	0.072	
0.878	0.444	0.230	0.137	0.177	
0.929	0.605	0.657	0.383	0.634	
0.793	0.286	0.094	0.922	0.709	
0.104	0.766	0.199	0.184	0.041	
0.952	0.290	0.450	0.858	0.479	
0.140	0.518	0.983	0.327	0.864	
0.920	0.430	0.312	0.450	0.461	
0.475	0.520	0.809	0.758	0.251	
0.618	0.765	0.076	0.608	0.379	
0.527	0.354	0.023	0.282	0.669	
0.144	0.475	0.504	0.208	0.958	
0.015	0.918	0.687	0.717	0.454	
0.086	0.848	0.625	0.383	0.175	
0.521	0.018	0.314	0.330	0.577	
0.412	0.176	0.902	0.372	0.476	
0.786	0.242	0.900	0.464	0.222	
0.831	0.266	0.873	0.779	0.072	
0.805	0.930	0.275	0.940	0.457	
0.206	0.479	0.181	0.839	0.442	
0.862	0.704	0.058	0.903	0.740	
0.112	0.123	0.818	0.447	0.312	
0.209	0.631	0.430	0.886	0.210	
0.988	0.412	0.777	0.998	0.880	
0.369	0.444	0.543	0.733	0.659	
0.314	0.256	0.427	0.837	0.300	
0.053	0.084	0.925	0.267	0.155	
0.813	0.015	0.254	0.234	0.419	
0.489	0.875	0.899	0.703	0.360	
0.386	0.542	0.281	0.143	0.950	
0.052	0.344	0.539	0.389	0.778	
0.779	0.821	0.635	0.585	0.299	
0.108	0.564	0.213	0.893	0.720	
0.756	0.531	0.183	0.850	0.602	
0.870	0.496	0.855	0.930	0.318	
0.100	0.004	0.344	0.881	0.535	
0.435	0.792	0.252	0.001	0.945	
0.520	0.712	0.548	0.399	0.282	
0.832	0.404	0.633	0.549	0.993	
0.020	0.969	0.386	0.260	0.382	
0.199	0.400	0.607	0.515	0.259	
0.093	0.538	0.444	0.258	0.067	
0.477	0.088	0.186	0.017	0.276	
0.161	0.580	0.344	0.726	0.736	
0.562	0.797	0.589	0.220	0.671	
0.096	0.248	0.414	0.058	0.007	
0.467	0.899	0.623	0.469	0.958	
0.704	0.066	0.984	0.669	0.359	
0.132	0.821	0.664	0.720	0.035	
0.814	0.413	0.878	0.897	0.773	
0.555	0.327	0.253	0.915	0.299	
0.777	0.139	0.558	0.555	0.027	
0.554	0.775	0.899	0.934	0.477	
0.266	0.522	0.297	0.241	0.346	
0.167	0.466	0.830	0.963	0.007	
0.470	0.336	0.305	0.372	0.319	
0.109	0.856	0.503	0.980	0.912	
0.124	0.724	0.534	0.480	0.438	
0.543	0.686	0.428	0.013	0.965	
0.992	0.701	0.713	0.565	0.478	
0.108	0.506	0.578	0.664	0.698	
0.824	0.273	0.003	0.175	0.053	
0.604	0.078	0.117	0.484	0.868	
0.348	0.886	0.970	0.943	0.275	
0.821	0.584	0.676	0.868	0.059	
0.959	0.252	0.299	0.308	0.646	
0.064	0.302	0.197	0.266	0.504	
0.779	0.386	0.497	0.045	0.777	
0.838	0.565	0.538	0.163	0.722	
0.103	0.751	0.145	0.905	0.740	
0.402	0.405	0.920	0.415	0.806	
0.309	0.312	0.159	0.920	0.438	
0.776	0.958	0.398	0.215	0.039	
0.540	0.954	0.762	0.765	0.596	
0.740	0.064	0.367	0.535	0.420	
0.179	0.757	0.453	0.253	0.650	
0.939	0.140	0.389	0.208	0.288	
0.343	0.799	0.050	0.465	0.239	
0.433	0.735	0.279	0.181	0.098	
0.501	0.170	0.629	0.303	0.923	
0.995	0.692	0.652	0.801	0.262	
0.016	0.712	0.127	0.463	0.511	
0.262	0.694	0.680	0.005	0.041	
0.679	0.218	0.117	0.539	0.369	
0.325	0.459	0.842	0.601	0.049	
0.412	0.442	0.734	0.157	0.163	
0.045	0.326	0.790	0.139	0.677	
0.445	0.708	0.203	0.247	0.665	
0.581	0.933	0.926	0.870	0.108	
0.276	0.438	0.579	0.049	0.089	
0.728	0.895	0.145	0.760	0.950	
0.365	0.862	0.123	0.817	0.308	
0.509	0.880	0.798	0.929	0.329	
0.768	0.811	0.898	0.765	0.241	
0.638	0.068	0.450	0.641	0.430	
0.314	0.081	0.651	0.683	0.550	
0.656	0.610	0.340	0.855	0.536	
0.446	0.992	0.210	0.348	0.677	
0.898	0.305	0.482	0.423	0.943	
0.865	0.477	0.229	0.677	0.962	
0.356	0.928	0.366	0.539	0.072	
0.284	0.805	0.905	0.414	0.920	
0.870	0.775	0.140	0.410	0.204	
0.399	0.375	0.986	0.464	0.291	
0.581	0.220	0.803	0.885	0.710	
0.702	0.910	0.568	0.146	0.509	
0.176	0.237	0.763	0.679	0.080	
0.835	0.200	0.446	0.331	0.047	
0.617	0.224	0.884	0.386	0.317	
0.085	0.679	0.538	0.233	0.163	
0.566	0.661	0.531	0.454	0.180	
0.691	0.603	0.860	0.992	0.449	
0.605	0.459	0.083	0.873	0.254	
0.891	0.754	0.093	0.119	0.720	
0.837	0.753	0.301	0.725	0.921	
0.689	0.349	0.706	0.019	0.099	
0.050	0.576	0.697	0.904	0.717	
0.154	0.891	0.425	0.728	0.945	
0.446	0.353	0.212	0.327	0.779	
0.471	0.583	0.661	0.396	0.396	
0.330	0.832	0.214	0.064	0.516	
0.085	0.834	0.550	0.462	0.537	
0.712	0.435	0.264	0.504	0.159	
0.106	0.871	0.545	0.474	0.307	
0.093	0.697	0.724	0.390	0.005	
0.540	0.237	0.208	0.836	0.855	
0.799	0.243	0.483	0.387	0.615	
0.312	0.193	0.745	0.611	0.283	
0.346	0.951	0.848	0.637	0.353	
0.655	0.488	0.938	0.774	0.931	
0.346	0.453	0.560	0.541	0.531	
0.589	0.731	0.677	0.901	0.772	
0.640	0.805	0.851	0.254	0.366	
0.484	0.416	0.867	0.806	0.451	
0.383	0.608	0.700	0.961	0.640	
0.138	0.183	0.858	0.416	0.808	
0.560	0.307	0.064	0.215	0.993	
0.392	0.229	0.021	0.131	0.896	
0.327	0.939	0.160	0.900	0.738	
0.251	0.898	0.676	0.713	0.518	
0.305	0.079	0.359	0.123	0.786	
0.146	0.496	0.326	0.538	0.197	
0.502	0.656	0.770	0.876	0.314	
0.866	0.691	0.353	0.629	0.233	
0.518	0.191	0.093	0.933	0.078	
0.529	0.341	0.175	0.495	0.642	
0.857	0.321	0.219	0.306	0.905	
0.536	0.188	0.901	0.127	0.701	
0.876	0.392	0.898	0.378	0.136	
0.847	0.227	0.823	0.209	0.910	
0.072	0.501	0.218	0.876	0.448	
0.758	0.140	0.816	0.881	0.609	
0.307	0.425	0.410	0.497	0.626	
0.264	0.872	0.497	0.178	0.020	
0.464	0.531	0.419	0.323	0.446	
0.690	0.874	0.057	0.630	0.770	
0.201	0.294	0.885	0.335	0.433	
0.910	0.722	0.680	0.641	0.664	
0.691	0.723	0.108	0.236	0.345	
0.973	0.575	0.932	0.446	0.972	
0.170	0.193	0.439	0.709	0.061	
0.207	0.333	0.541	0.015	0.848	
0.418	0.136	0.240	0.945	0.616	
0.701	0.303	0.260	0.281	0.290	
0.297	0.565	0.731	0.047	0.294	
0.338	0.980	0.614	0.385	0.483	
0.541	0.516	0.614	0.922	0.783	
0.054	0.940	0.719	0.731	0.607	
0.461	0.399	0.351	0.367	0.126	
0.992	0.060	0.942	0.008	0.993	
0.961	0.547	0.963	0.431	0.654	
0.578	0.518	0.926	0.187	0.153	
0.393	0.822	0.284	0.241	0.957	
0.737	0.890	0.578	0.489	0.709	
0.243	0.318	0.273	0.297	0.337	
0.018	0.768	0.616	0.640	0.759	
0.462	0.688	0.197	0.331	0.148	
0.694	0.330	0.681	0.826	0.164	
0.362	0.230	0.022	0.365	0.143	
0.126	0.053	0.030	0.109	0.224	
0.444	0.302	0.248	0.531	0.272	
0.350	0.632	0.284	0.961	0.248	
0.837	0.100	0.050	0.988	0.031	
0.593	0.262	0.876	0.814	0.611	
0.836	0.548	0.381	0.486	0.798	
0.016	0.025	0.767	0.064	0.668	
0.136	0.332	0.679	0.511	0.626	
0.588	0.147	0.343	0.116	0.101	
0.068	0.804	0.012	0.328	0.814	
0.849	0.536	0.567	0.127	0.101	
0.287	0.966	0.440	0.088	0.112	
0.623	0.737	0.905	0.684	0.203	
0.290	0.167	0.860	0.180	0.032	
0.088	0.524	0.660	0.218	0.744	
0.726	0.310	0.687	0.510	0.549	
0.582	0.940	0.398	0.686	0.393	
0.288	0.861	0.380	0.465	0.846	
0.165	0.820	0.331	0.593	0.500	
0.623	0.683	0.898	0.357	0.342	
0.495	0.325	0.779	0.232	0.908	
0.138	0.880	0.734	0.813	0.425	
0.586	0.975	0.241	0.947	0.803	
0.406	0.312	0.184	0.579	0.607	
0.269	0.503	0.839	0.538	0.763	
0.508	0.881	0.986	0.836	0.589	
0.429	0.953	0.697	0.124	0.996	
0.965	0.157	0.739	0.590	0.881	
0.550	0.196	0.886	0.240	0.896	
0.317	0.492	0.055	0.737	0.115	
0.802	0.912	0.521	0.753	0.065	
0.373	0.655	0.235	0.943	0.981	
0.141	0.145	0.931	0.876	0.390	
0.089	0.002	0.051	0.487	0.914	
0.256	0.447	0.464	0.805	0.357	
0.982	0.086	0.472	0.390	0.189	
0.226	0.751	0.893	0.608	0.288	
0.808	0.766	0.248	0.606	0.877	
0.155	0.688	0.103	0.967	0.293	
0.749	0.422	0.435	0.539	0.335	
0.406	0.583	0.347	0.926	0.576	
0.161	0.628	0.145	0.778	0.564	
0.407	0.629	0.066	0.825	0.453	
0.042	0.964	0.583	0.641	0.667	
0.567	0.512	0.151	0.508	0.673	
0.100	0.538	0.229	0.196	0.354	
0.941	0.695	0.826	0.636	0.819	
0.122	0.827	0.782	0.835	0.767	
0.802	0.666	0.966	0.210	0.589	
0.176	0.952	0.459	0.620	0.649	
0.884	0.206	0.344	0.981	0.466	
0.888	0.521	0.290	0.757	0.039	
0.800	0.363	0.943	0.798	0.741	
0.663	0.856	0.237	0.277	0.090	
0.506	0.963	0.992	0.782	0.361	
0.168	0.170	0.043	0.785	0.579	
0.248	0.471	0.156	0.554	0.578	
0.752	0.028	0.885	0.078	0.458	
0.971	0.546	0.558	0.677	0.296	
0.703	0.974	0.427	0.228	0.009	
0.781	0.416	0.835	0.070	0.636	
0.735	0.188	0.427	0.888	0.137	
0.493	0.405	0.680	0.581	0.829	
0.817	0.385	0.121	0.039	0.689	
0.429	0.009	0.268	0.308	0.090	
0.128	0.922	0.146	0.626	0.980	
0.744	0.155	0.648	0.086	0.843	
0.792	0.575	0.725	0.761	0.366	
0.907	0.429	0.039	0.769	0.543	
0.537	0.290	0.368	0.206	0.575	
0.053	0.281	0.602	0.029	0.038	
0.261	0.187	0.984	0.794	0.943	
0.613	0.701	0.127	0.770	0.586	
0.976	0.641	0.812	0.286	0.280	
0.096	0.753	0.464	0.637	0.147	
0.407	0.240	0.271	0.828	0.941	
0.938	0.352	0.683	0.367	0.042	
0.028	0.878	0.500	0.867	0.151	
0.763	0.439	0.480	0.271	0.154	
0.180	0.575	0.132	0.395	0.129	
0.050	0.098	0.378	0.633	0.115	
0.929	0.919	0.661	0.996	0.234	
0.309	0.483	0.927	0.792	0.850	
0.262	0.647	0.499	0.432	0.796	
0.065	0.680	0.891	0.151	0.046	
0.655	0.831	0.522	0.218	0.489	
0.578	0.275	0.595	0.633	0.455	
0.425	0.891	0.517	0.780	0.381	
0.378	0.068	0.071	0.086	0.083	
0.549	0.330	0.225	0.498	0.309	
0.745	0.610	0.177	0.641	0.472	
0.823	0.783	0.001	0.660	0.504	
0.028	0.144	0.216	0.853	0.930	
0.415	0.856	0.706	0.767	0.713	
0.317	0.274	0.934	0.487	0.321	
0.070	0.713	0.510	0.574	0.833	
0.830	0.862	0.715	0.461	0.435	
0.059	0.742	0.702	0.039	0.570	
0.185	0.750	0.067	0.064	0.104	
0.135	0.584	0.765	0.013	0.835	
0.820	0.652	0.666	0.221	0.915	
0.748	0.463	0.180	0.037	0.763	
0.041	0.298	0.621	0.934	0.843	
0.393	0.149	0.789	0.826	0.281	
0.271	0.941	0.754	0.878	0.497	
0.623	0.268	0.266	0.406	0.322	
0.251	0.330	0.537	0.069	0.532	
0.241	0.781	0.618	0.041	0.910	
0.953	0.876	0.759	0.298	0.244	
0.996	0.189	0.567	0.482	0.867	
0.318	0.359	0.691	0.585	0.490	
0.115	0.596	0.174	0.383	0.507	
0.682	0.562	0.996	0.853	0.088	
0.422	0.862	0.635	0.599	0.397	
0.960	0.222	0.344	0.414	0.954	
0.582	0.063	0.294	0.007	0.508	
0.671	0.093	0.023	0.816	0.569	
0.768	0.541	0.216	0.110	0.380	
0.145	0.020	0.644	0.950	0.731	
0.532	0.345	0.345	0.662	0.933	
0.895	0.559	0.974	0.195	0.225	
0.336	0.875	0.016	0.721	0.574	
0.380	0.215	0.273	0.127	0.537	
0.542	0.352	0.903	0.357	0.889	
0.517	0.291	0.936	0.464	0.065	
0.663	0.370	0.219	0.728	0.246	
0.188	0.278	0.286	0.933	0.291	
0.877	0.750	0.689	0.032	0.226	
0.189	0.313	0.220	0.863	0.855	
0.083	0.180	0.885	0.068	0.163	
0.126	0.616	0.416	0.744	0.617	
0.273	0.041	0.904	0.348	0.586	
0.186	0.984	0.495	0.386	0.068	
0.614	0.053	0.264	0.682	0.459	
0.172	0.019	0.289	0.727	0.390	
0.674	0.520	0.720	0.448	0.390	
0.329	0.315	0.381	0.660	0.002	
0.294	0.791	0.548	0.223	0.263	
0.697	0.424	0.350	0.768	0.016	
0.294	0.493	0.473	0.181	0.563	
0.460	0.437	0.678	0.834	0.812	
0.236	0.756	0.742	0.323	0.482	
0.493	0.681	0.084	0.889	0.762	
0.633	0.727	0.369	0.774	0.302	
0.559	0.792	0.501	0.896	0.713	
0.582	0.611	0.893	0.578	0.438	
0.764	0.978	0.125	0.908	0.836	
0.634	0.296	0.771	0.240	0.661	
0.064	0.179	0.450	0.961	0.138	
0.633	0.849	0.872	0.303	0.712	
0.600	0.894	0.742	0.799	0.482	
0.312	0.770	0.998	0.178	0.940	
0.985	0.502	0.662	0.417	0.314	
0.231	0.123	0.751	0.129	0.785	
0.855	0.066	0.062	0.601	0.959	
0.897	0.759	0.097	0.231	0.271	
0.841	0.895	0.400	0.499	0.779	
0.476	0.463	0.491	0.522	0.403	
0.173	0.020	0.111	0.876	0.209	
0.113	0.387	0.360	0.179	0.735	
0.090	0.775	0.072	0.441	0.705	
0.494	0.244	0.020	0.006	0.849	
0.279	0.476	0.775	0.767	0.965	
0.392	0.786	0.208	0.201	0.844	
0.764	0.573	0.394	0.695	0.080	
0.994	0.621	0.742	0.254	0.403	
0.516	0.078	0.225	0.422	0.562	
0.420	0.625	0.732	0.814	0.084	
0.677	0.282	0.321	0.559	0.409	
0.447	0.717	0.181	0.129	0.119	
0.766	0.618	0.924	0.332	0.574	
0.697	0.847	0.019	0.285	0.869	
0.512	0.205	0.922	0.171	0.997	
0.155	0.216	0.358	0.518	0.675	
0.605	0.080	0.083	0.078	0.146	
0.648	0.062	0.121	0.383	0.147	
0.603	0.443	0.969	0.534	0.004	
0.872	0.303	0.251	0.564	0.265	
0.409	0.374	0.296	0.409	0.072	
0.202	0.238	0.481	0.263	0.798	
0.654	0.060	0.745	0.972	0.163	
0.175	0.955	0.798	0.570	0.825	
0.544	0.768	0.020	0.460	0.138	
0.910	0.513	0.099	0.795	0.917	
0.735	0.095	0.720	0.021	0.545	
0.335	0.111	0.915	0.971	0.693	
0.265	0.551	0.558	0.603	0.835	
0.709	0.949	0.074	0.866	0.962	
0.790	0.151	0.769	0.348	0.673	
0.279	0.576	0.388	0.527	0.868	
0.128	0.566	0.292	0.105	0.390	
0.509	0.187	0.369	0.329	0.465	
0.006	0.724	0.704	0.863	0.754	
0.617	0.672	0.787	0.859	0.334	
0.125	0.572	0.927	0.789	0.169	
0.803	0.614	0.631	0.036	0.147	
0.741	0.586	0.506	0.687	0.541	
0.847	0.695	0.849	0.218	0.744	
0.277	0.287	0.007	0.629	0.665	
0.580	0.842	0.559	0.504	0.476	
0.962	0.757	0.492	0.720	0.386	
0.980	0.786	0.419	0.849	0.662	
0.492	0.521	0.110	0.721	0.729	
0.437	0.697	0.234	0.089	0.037	
0.113	0.283	0.382	0.372	0.368	
0.080	0.207	0.403	0.189	0.017	
0.195	0.782	0.373	0.655	0.221	
0.476	0.785	0.957	0.104	0.150	
0.461	0.759	0.181	0.622	0.164	
0.004	0.625	0.256	0.297	0.499	
0.635	0.156	0.316	0.460	0.766	
0.975	0.118	0.065	0.165	0.505	
0.001	0.462	0.745	0.512	0.031	
0.761	0.929	0.099	0.566	0.433	
0.072	0.978	0.792	0.537	0.958	
0.967	0.923	0.606	0.393	0.962	
0.142	0.238	0.684	0.015	0.734	
0.037	0.861	0.624	0.460	0.546	
0.685	0.391	0.670	0.078	0.483	
0.967	0.644	0.134	0.206	0.037	
0.702	0.650	0.904	0.537	0.494	
0.918	0.632	0.444	0.033	0.937	
0.258	0.441	0.706	0.959	0.316	
0.070	0.075	0.434	0.548	0.794	
0.286	0.966	0.360	0.396	0.369	
0.327	0.888	1.000	0.040	0.334	
0.478	0.573	0.456	0.704	0.700	
0.532	0.725	0.699	0.663	0.962	
0.427	0.076	0.666	0.261	0.720	
0.032	0.274	0.709	0.156	0.079	
0.644	0.140	0.166	0.703	0.224	
0.077	0.448	0.833	0.793	0.386	
0.907	0.745	0.369	0.975	0.831	
0.365	0.040	0.698	0.596	0.039	
0.801	0.725	0.392	0.715	0.642	
0.826	0.193	0.693	0.145	0.250	
0.440	0.167	0.654	0.427	0.733	
0.204	0.481	0.874	0.335	0.492	
0.027	0.103	0.625	0.162	0.702	
0.685	0.951	0.619	0.894	0.838	
0.581	0.564	0.905	0.638	0.477	
0.939	0.512	0.276	0.491	0.873	
0.967	0.960	0.458	0.894	0.880	
0.643	0.745	0.813	0.129	0.680	
0.089	0.079	0.702	0.200	0.219	
0.161	0.486	0.077	0.165	0.887	
0.681	0.418	0.655	0.378	0.473	
0.207	0.760	0.548	0.091	0.459	
0.667	0.744	0.655	0.402	0.949	
0.400	0.424	0.942	0.540	0.198	
0.874	0.454	0.007	0.157	0.163	
0.909	0.528	0.165	0.270	0.195	
0.752	0.728	0.400	0.414	0.300	
0.215	0.803	0.492	0.931	0.242	
0.321	0.871	0.589	0.482	0.215	
0.625	0.696	0.043	0.056	0.252	
0.959	0.911	0.895	0.692	0.930	
0.690	0.255	0.964	0.173	0.992	
0.269	0.617	0.848	0.139	0.797	
0.155	0.173	0.187	0.324	0.704	
0.381	0.887	0.288	0.240	0.963	
0.559	0.315	0.227	0.474	0.654	
0.564	0.992	0.278	0.255	0.483	
0.111	0.552	0.275	0.503	0.060	
0.630	0.305	0.607	0.538	0.940	
0.984	0.301	0.242	0.253	0.066	
0.381	0.816	0.582	0.598	0.394	
0.919	0.618	0.437	0.446	0.578	
0.703	0.688	0.670	0.932	0.964	
0.010	0.311	0.199	0.813	0.854	
0.930	0.934	0.258	0.323	0.565	
0.305	0.690	0.845	0.043	0.941	
0.878	0.781	0.896	0.951	0.876	
0.322	0.346	0.945	0.520	0.102	
0.241	0.077	0.691	0.207	0.699	
0.370	0.349	0.215	0.375	0.680	
0.611	0.397	0.209	0.125	0.503	
0.035	0.687	0.646	0.519	0.597	
0.272	0.492	0.927	0.476	0.462	
0.612	0.979	0.725	0.593	0.661	
0.096	0.824	0.133	0.242	0.533	
0.725	0.133	0.820	0.530	0.618	
0.043	0.327	0.446	0.669	0.386	
0.855	0.419	0.489	0.264	0.343	
0.621	0.333	0.926	0.441	0.145	
0.253	0.558	0.965	0.166	0.646	
0.216	0.395	0.845	0.062	0.568	
0.071	0.763	0.456	0.118	0.180	
0.267	0.157	0.255	0.254	0.650	
0.159	0.000	0.035	0.317	0.359	
0.422	0.760	0.948	0.445	0.701	
0.979	0.071	0.674	0.463	0.962	
0.678	0.702	0.349	0.351	0.886	
0.072	0.192	0.019	0.227	0.854	
0.384	0.172	0.905	0.921	0.861	
0.888	0.978	0.996	0.444	0.274	
0.486	0.291	0.704	0.684	0.538	
0.693	0.496	0.711	0.682	0.999	
0.570	0.436	0.891	0.326	0.883	
0.985	0.350	0.333	0.789	0.270	
0.022	0.039	0.874	0.085	0.935	
0.469	0.264	0.907	0.009	0.483	
0.361	0.992	0.464	0.392	0.241	
0.811	0.023	0.468	0.901	0.722	
0.859	0.230	0.956	0.832	0.345	
0.298	0.820	0.986	0.392	0.147	
0.714	0.089	0.435	0.791	0.126	
0.298	0.240	0.292	0.296	0.881	
0.472	0.243	0.781	0.277	0.711	
0.206	0.935	0.494	0.538	0.687	
0.530	0.347	0.397	0.123	0.308	
0.950	0.439	0.293	0.810	0.171	
0.972	0.611	0.127	0.010	0.117	
0.211	0.187	0.681	0.035	0.877	
0.529	0.930	0.214	0.192	0.512	
0.833	0.833	0.524	0.395	0.859	
0.527	0.176	0.221	0.646	0.743	
0.478	0.308	0.781	0.009	0.087	
0.053	0.612	0.262	0.005	0.943	
0.314	0.567	0.085	0.199	0.373	
0.101	0.970	0.143	0.828	0.003	
0.171	0.176	0.478	0.565	0.472	
0.131	0.512	0.801	0.084	0.360	
0.349	0.122	0.067	0.804	0.645	
0.102	0.482	0.662	0.775	0.559	
0.786	0.386	0.189	0.342	0.657	
0.355	0.959	0.923	0.728	0.014	
0.375	0.137	0.197	0.382	0.129	
0.185	0.714	0.205	0.442	0.951	
0.130	0.600	0.229	0.384	0.527	
0.181	0.896	0.857	0.717	0.746	
0.011	0.220	0.100	0.989	0.796	
0.040	0.281	0.183	0.343	0.946	
0.798	0.596	0.642	0.230	0.749	
0.893	0.683	0.276	0.464	0.206	
0.625	0.945	0.029	0.548	0.566	
0.286	0.200	0.546	0.617	0.075	
0.776	0.579	0.781	0.216	0.779	
0.495	0.699	0.152	0.379	0.292	
0.032	0.929	0.978	0.744	0.505	
0.655	0.200	0.836	0.961	0.895	
0.695	0.311	0.100	0.671	0.234	
0.641	0.319	0.772	0.017	0.545	
0.581	0.031	0.964	0.654	0.766	
0.667	0.663	0.725	0.094	0.693	
0.847	0.315	0.569	0.511	0.313	
0.845	0.358	0.314	0.925	0.967	
0.428	0.529	0.072	0.493	0.746	
0.615	0.127	0.450	0.112	0.832	
0.946	0.427	0.286	0.599	0.185	
0.613	0.409	0.233	0.191	0.810	
0.841	0.522	0.036	0.928	0.267	
0.782	0.027	0.178	0.489	0.026	
0.192	0.322	0.905	0.713	0.636	
0.604	0.678	0.056	0.581	0.054	
0.254	0.534	0.284	0.852	0.325	
0.279	0.641	0.244	0.531	0.818	
0.181	0.826	0.899	0.775	0.106	
0.624	0.359	0.858	0.142	0.937	
0.071	0.869	0.058	0.577	0.426	
0.893	0.002	0.747	0.860	0.334	
0.768	0.990	0.660	0.993	0.661	
0.696	0.137	0.153	0.161	0.158	
0.668	0.320	0.347	0.089	0.121	
0.453	0.848	0.136	0.210	0.711	
0.676	0.308	0.721	0.720	0.486	
0.874	0.291	0.191	0.629	0.142	
0.488	0.083	0.373	0.150	0.861	
0.479	0.810	0.654	0.653	0.776	
0.224	0.648	0.431	0.260	0.763	
0.147	0.338	0.092	0.895	0.019	
0.711	0.556	0.232	0.193	0.280	
0.907	0.287	0.843	0.800	0.217	
0.327	0.499	0.508	0.382	0.444	
0.672	0.915	0.829	0.358	0.306	
0.510	0.044	0.315	0.692	0.965	
0.752	0.490	0.527	0.205	0.586	
0.448	0.391	0.411	0.815	0.989	
0.574	0.991	0.705	0.189	0.564	
0.982	0.296	0.347	0.266	0.180	
0.333	0.739	0.295	0.011	0.658	
0.811	0.886	0.271	0.433	0.264	
0.165	0.820	0.377	0.292	0.332	
0.297	0.138	0.611	0.654	0.345	
0.203	0.161	0.116	0.264	0.340	
0.176	0.533	0.347	0.648	0.699	
0.157	0.043	0.259	0.702	0.587	
0.669	0.150	0.913	0.289	0.310	
0.780	0.757	0.470	0.785	0.413	
0.875	0.441	0.849	0.387	0.448	
0.950	0.699	0.568	0.022	0.289	
0.481	0.593	0.424	0.988	0.661	
0.973	0.980	0.144	0.954	0.385	
0.063	0.908	0.506	0.919	0.422	
0.697	0.762	0.266	0.897	0.253	
0.462	0.548	0.242	0.050	0.695	
0.940	0.922	0.660	0.037	0.184	
0.063	0.115	0.748	0.202	0.606	
0.242	0.407	0.867	0.613	0.018	
0.491	0.573	0.532	0.951	0.327	
0.199	0.799	0.692	0.508	0.028	
0.039	0.530	0.838	0.226	0.366	
0.845	0.223	0.382	0.420	0.566	
0.608	0.277	0.340	0.367	0.572	
0.335	0.974	0.968	0.096	0.497	
0.963	0.574	0.389	0.226	0.423	
0.018	0.404	0.824	0.330	0.095	
0.699	0.278	0.618	0.618	0.455	
0.838	0.408	0.834	0.034	0.907	
0.433	0.772	0.116	0.055	0.916	
0.183	0.306	0.528	0.309	0.795	
0.975	0.362	0.413	0.328	0.761	
0.913	0.220	0.771	0.527	0.437	
0.389	0.347	0.513	0.133	0.204	
0.505	0.224	0.313	0.656	0.152	
0.668	0.440	0.787	0.702	0.988	
0.212	0.976	0.897	0.662	0.105	
0.184	0.053	0.802	0.658	0.310	
0.931	0.105	0.485	0.250	0.333	
0.184	0.522	0.379	0.755	0.764	
0.985	0.414	0.066	0.704	0.207	
0.409	0.866	0.204	0.611	0.922	
0.560	0.755	0.018	0.830	0.808	
0.735	0.521	0.194	0.253	0.867	
0.968	0.758	0.369	0.241	0.520	
0.810	0.246	0.951	0.945	0.259	
0.574	0.583	0.091	0.066	0.652	
0.222	0.879	0.832	0.298	0.450	
0.532	0.608	0.406	0.443	0.963	
0.347	0.116	0.010	0.813	0.375	
0.276	0.428	0.810	0.505	0.401	
0.323	0.000	0.053	0.986	0.529	
0.033	0.906	0.161	0.390	0.952	
0.349	0.575	0.867	0.461	0.618	
0.511	0.381	0.878	0.591	0.541	
0.947	0.864	0.851	0.119	0.487	
0.246	0.899	0.959	0.730	0.541	
0.677	0.930	0.676	0.700	0.872	
0.305	0.965	0.837	0.831	0.020	
0.227	0.528	0.852	0.422	0.400	
0.252	0.159	0.694	0.888	0.030	
0.529	0.851	0.775	0.724	0.393	
0.324	0.353	0.113	0.225	0.068	
0.069	0.329	0.370	0.725	0.821	
0.723	0.445	0.061	0.366	0.353	
0.687	0.990	0.562	0.011	0.096	
0.089	0.002	0.395	0.094	0.922	
0.546	0.846	0.505	0.473	0.608	
0.601	0.306	0.975	0.051	0.582	
0.520	0.776	0.465	0.667	0.540	
0.537	0.290	0.410	0.304	0.163	
0.156	0.299	0.794	0.108	0.984	
0.005	0.270	0.116	0.792	0.019	
0.378	0.062	0.643	0.548	0.293	
0.864	0.703	0.185	0.284	0.433	
0.035	0.757	0.203	0.197	0.388	
0.196	0.454	0.028	0.091	0.819	
0.626	0.280	0.302	0.903	0.167	
0.784	0.862	0.924	0.316	0.736	
0.603	0.790	0.767	0.149	0.485	
0.019	0.262	0.471	0.152	0.341	
0.836	0.383	0.213	0.344	0.530	
0.019	0.492	0.205	0.816	0.222	
0.408	0.800	0.056	0.416	0.588	
0.295	0.494	0.064	0.274	0.603	
0.232	0.033	0.943	0.597	0.652	
0.545	0.859	0.667	0.368	0.705	
0.249	0.212	0.869	0.411	0.175	
0.480	0.246	0.488	0.579	0.488	
0.368	0.861	0.042	0.134	0.371	
0.757	0.824	0.553	0.832	0.474	
0.403	0.804	0.784	0.636	0.587	
0.171	0.343	0.933	0.355	0.540	
0.246	0.717	0.237	0.733	0.040	
0.758	0.922	0.044	0.831	0.472	
0.941	0.231	0.800	0.200	0.428	
0.249	0.307	0.010	0.482	0.201	
0.925	0.312	0.829	0.459	0.532	
0.975	0.136	0.371	0.583	0.722	
0.324	0.443	0.748	0.016	0.427	
0.629	0.242	0.934	0.943	0.509	
0.517	0.543	0.351	0.273	0.477	
0.492	0.955	0.177	0.054	0.196	
0.207	0.563	0.772	0.818	0.922	
0.274	0.489	0.717	0.613	0.516	
0.988	0.101	0.322	0.955	0.399	
0.880	0.527	0.722	0.936	0.294	
0.129	0.956	0.286	0.994	0.363	
0.540	0.011	0.537	0.258	0.486	
0.419	0.758	0.621	0.206	0.335	
0.342	0.426	0.061	0.028	0.749	
0.715	0.211	0.008	0.215	0.387	
0.587	0.065	0.279	0.114	0.952	
0.944	0.640	0.796	0.710	0.788	
0.805	0.150	0.612	0.587	0.932	
0.062	0.656	0.585	0.800	0.777	
0.093	0.107	0.568	0.811	0.815	
0.248	0.608	0.984	0.349	0.489	
0.159	0.576	0.205	0.558	0.390	
0.399	0.950	0.326	0.424	0.763	
0.173	0.409	0.405	0.558	0.249	
0.319	0.493	0.217	0.934	0.468	
0.603	0.024	0.866	0.898	0.428	
0.489	0.074	0.557	0.562	0.546	
0.690	0.470	0.285	0.025	0.632	
0.742	0.207	0.028	0.683	0.743	
0.162	0.368	0.333	0.174	0.069	
0.241	0.670	0.384	0.326	0.174	
0.052	0.422	0.804	0.799	0.689	
0.291	0.180	0.926	0.648	0.192	
0.922	0.643	0.681	0.601	0.804	
0.130	0.073	0.384	0.180	0.078	
0.824	0.833	0.608	0.294	0.552	
0.602	0.062	0.099	0.738	0.199	
0.893	0.631	0.914	0.354	0.768	
0.827	0.604	0.424	0.828	0.611	
0.134	0.644	0.503	0.665	0.338	
0.535	0.039	0.622	0.467	0.179	
0.571	0.645	0.127	0.281	0.421	
0.508	0.450	0.031	0.863	0.686	
0.757	0.097	0.037	0.058	0.278	
0.140	0.016	0.263	0.269	0.460	
0.034	0.762	0.713	0.899	0.253	
0.188	0.481	0.013	0.131	0.094	
0.612	0.068	0.875	0.512	0.136	
0.533	0.877	0.295	0.490	0.687	
0.588	0.161	0.559	0.151	0.100	
0.882	0.790	0.766	0.085	0.348	
0.026	0.491	0.372	0.567	0.502	
0.770	0.615	0.144	0.887	0.631	
0.155	0.541	0.176	0.098	0.596	
0.538	0.886	0.958	0.395	0.350	
0.250	0.178	0.921	0.271	0.008	
0.271	0.341	0.332	0.751	0.418	
0.866	0.869	0.244	0.463	0.458	
0.527	0.699	0.414	0.540	0.995	
0.991	0.337	0.095	0.337	0.338	
0.983	0.638	0.881	0.092	0.612	
0.450	0.434	0.335	0.930	0.157	
0.247	0.909	0.110	0.975	0.071	
0.201	0.604	0.892	0.640	0.818	
0.446	0.839	0.761	0.613	0.900	
0.005	0.867	0.784	0.900	0.816	
0.843	0.991	0.948	0.851	0.023	
0.431	0.222	0.775	0.347	0.665	
0.265	0.352	0.823	0.640	0.081	
0.859	0.653	0.927	0.095	0.986	
0.470	0.311	0.437	0.521	0.140	
0.647	0.933	0.240	0.588	0.018	
0.212	0.559	0.583	0.893	0.896	
0.086	0.470	0.895	0.212	0.549	
0.677	0.797	0.654	0.348	0.135	
0.402	0.240	0.473	0.253	0.072	
0.627	0.196	0.882	0.605	0.284	
0.408	0.289	0.959	0.128	0.345	
0.753	0.881	0.135	0.116	0.588	
0.555	0.169	0.292	0.945	0.457	
0.413	0.454	0.842	0.914	0.843	
0.115	0.556	0.917	0.856	0.239	
0.644	0.282	0.460	0.673	0.459	
0.678	0.448	0.305	0.341	0.917	
0.177	0.949	0.755	0.136	0.223	
0.955	0.740	0.504	0.020	0.847	
0.323	0.617	0.014	0.428	0.345	
0.735	0.209	0.146	0.606	0.959	
0.746	0.654	0.787	0.428	0.575	
0.932	0.380	0.980	0.365	0.600	
0.429	0.788	0.925	0.610	0.090	
0.837	0.828	0.486	0.498	0.380	
0.347	0.771	0.250	0.280	0.897	
0.628	0.673	0.245	0.883	0.747	
0.068	0.940	0.741	0.488	0.389	
0.024	0.144	0.045	0.386	0.127	
0.254	0.006	0.640	0.500	0.552	
0.367	0.734	0.531	0.717	0.062	
0.964	0.262	0.859	0.892	0.184	
0.713	0.046	0.940	0.187	0.908	
0.236	0.935	0.978	0.472	0.176	
0.783	0.285	0.110	0.538	0.470	
0.093	0.955	0.781	0.318	0.383	
0.509	0.392	0.388	0.713	0.915	
0.627	0.305	0.697	0.839	0.832	
0.962	0.269	0.312	0.606	0.738	
0.034	0.508	0.917	0.034	0.298	
0.224	0.322	0.116	0.044	0.975	
0.346	0.817	0.803	0.435	0.659	
0.565	0.019	0.060	0.556	0.751	
0.777	0.628	0.580	0.169	0.202	
0.427	0.061	0.438	0.877	0.558	
0.964	0.994	0.494	0.494	0.747	
0.138	0.979	0.883	0.725	0.943	
0.372	0.329	0.157	0.164	0.850	
0.677	0.117	0.670	0.630	0.901	
0.831	0.435	0.048	0.775	0.040	
0.014	0.423	0.287	0.160	0.246	
0.439	0.391	0.101	0.603	0.018	
0.660	0.639	0.585	0.981	0.449	
0.350	0.430	0.356	0.850	0.947	
0.193	0.532	0.395	0.162	0.413	
0.638	0.151	0.717	0.312	0.525	
0.603	0.393	0.891	0.729	0.478	
0.340	0.298	0.744	0.494	0.023	
0.899	0.801	0.314	0.903	0.485	
0.585	0.275	0.468	0.263	0.680	
0.718	0.736	0.250	0.437	0.620	
0.531	0.558	0.683	0.906	0.141	
0.648	0.606	0.580	0.119	0.859	
0.325	0.682	0.497	0.864	0.075	
0.961	0.569	0.587	0.267	0.475	
0.796	0.145	0.725	0.793	0.107	
0.593	0.034	0.406	0.384	0.955	
0.787	0.311	0.610	0.618	0.014	
0.615	0.247	0.631	0.948	0.938	
0.232	0.727	0.636	0.010	0.789	
0.129	0.744	0.156	0.086	0.684	
0.330	0.865	0.483	0.833	0.220	
0.947	0.065	0.892	0.525	0.401	
0.975	0.633	0.181	0.627	0.598	
0.047	0.487	0.075	0.946	0.218	
0.575	0.431	0.181	0.791	0.467	
0.280	0.242	0.960	0.887	0.646	
0.970	0.514	0.859	0.554	0.812	
0.678	0.429	0.991	0.416	0.569	
0.760	0.556	0.002	0.720	0.657	
0.296	0.455	0.219	0.322	0.850	
0.502	0.269	0.441	0.714	0.815	
0.007	0.929	0.021	0.542	0.518	
0.074	0.476	0.957	0.640	0.420	
0.631	0.462	0.970	0.303	0.592	
0.267	0.753	0.096	0.716	0.541	
0.163	0.740	0.076	0.651	0.273	
0.313	0.938	0.345	0.127	0.896	
0.038	0.902	0.914	0.392	0.048	
0.968	0.020	0.113	0.977	0.493	
0.803	0.906	0.003	0.116	0.133	
0.715	0.143	0.671	0.576	0.188	
0.923	0.313	0.819	0.777	0.105	
0.015	0.629	0.494	0.551	0.053	
0.363	0.980	0.147	0.616	0.725	
0.458	0.854	0.169	0.877	0.124	
0.082	0.520	0.528	0.445	0.239	
0.427	0.258	0.875	0.169	0.299	
0.309	0.851	0.577	0.842	0.676	
0.922	0.766	0.776	0.323	0.509	
0.166	0.944	0.099	0.369	0.721	
0.387	0.475	0.671	0.894	0.288	
0.885	0.796	0.408	0.889	0.072	
0.737	0.976	0.101	0.182	0.249	
0.853	0.171	0.042	0.887	0.419	
0.880	0.779	0.895	0.338	0.984	
0.183	0.275	0.590	0.239	0.286	
0.112	0.639	0.658	0.167	0.690	
0.281	0.774	0.986	0.050	0.456	
0.680	0.535	0.955	0.257	0.042	
0.988	0.881	0.985	0.525	0.984	
0.669	0.510	0.130	0.436	0.275	
0.836	0.013	0.727	0.597	0.604	
0.023	0.421	0.840	0.392	0.202	
0.021	0.844	0.141	0.261	0.973	
0.186	0.516	0.903	0.750	0.371	
0.649	0.459	0.063	0.148	0.170	
0.548	0.992	0.635	0.263	0.690	
0.799	0.327	0.775	0.488	0.260	
0.930	0.846	0.789	0.483	0.494	
0.019	0.052	0.507	0.671	0.339	
0.422	0.922	0.378	0.814	0.121	
0.518	0.494	0.173	0.584	0.037	
0.686	0.953	0.109	0.344	0.092	
0.576	0.051	0.898	0.183	0.970	
0.336	0.469	0.922	0.551	0.264	
0.138	0.090	0.629	0.853	0.154	
0.286	0.479	0.111	0.484	0.595	
0.883	0.292	0.171	0.115	0.748	
0.479	0.877	0.305	0.291	0.594	
0.377	0.867	0.932	0.230	0.880	
0.962	0.878	0.818	0.184	0.135	
0.443	0.267	0.330	0.525	0.635	
0.203	0.002	0.470	0.288	0.207	
0.076	0.804	0.053	0.498	0.199	
0.184	0.668	0.303	0.007	0.458	
0.651	0.738	0.416	0.821	0.872	
0.760	0.104	0.218	0.952	0.284	
0.010	0.823	0.277	0.519	0.079	
0.238	0.673	0.915	0.564	0.563	
0.209	0.003	0.283	0.137	0.726	
0.129	0.516	0.409	0.009	0.202	
0.775	0.600	0.233	0.851	0.433	
0.444	0.053	0.006	0.555	0.964	
0.330	0.554	0.724	0.644	0.867	
0.801	0.770	0.361	0.473	0.056	
0.259	0.294	0.805	0.683	0.051	
0.505	0.564	0.389	0.428	0.707	
0.097	0.663	0.987	0.954	0.456	
0.099	0.633	0.652	0.278	0.469	
0.311	0.442	0.508	0.162	0.950	
0.708	0.478	0.454	0.675	0.623	
0.952	0.020	0.581	0.496	0.677	
0.937	0.246	0.897	0.977	0.345	
0.420	0.354	0.277	0.496	0.018	
0.112	0.216	0.482	0.917	0.093	
0.292	0.908	0.798	0.432	0.238	
0.713	0.309	0.006	0.114	0.260	
0.667	0.411	0.082	0.287	0.743	
0.386	0.491	0.936	0.343	0.883	
0.151	0.736	0.185	0.177	0.403	
0.644	0.076	0.714	0.712	0.995	
0.169	0.448	0.561	0.364	0.285	
0.609	0.499	0.208	0.934	0.552	
0.754	0.961	0.634	0.463	0.268	
0.618	0.093	0.319	0.615	0.468	
0.139	0.767	0.205	0.098	0.123	
0.460	0.237	0.068	0.629	0.214	
0.101	0.072	0.562	0.505	0.707	
0.777	0.620	0.019	0.125	0.293	
0.172	0.321	0.875	0.744	0.384	
0.531	0.087	0.054	0.943	0.407	
0.008	0.551	0.083	0.781	0.068	
0.376	0.999	0.859	0.578	0.832	
0.879	0.190	0.809	0.259	0.582	
0.639	0.759	0.719	0.884	0.087	
0.006	0.265	0.672	0.061	0.131	
0.216	0.122	0.317	0.055	0.084	
0.238	0.210	0.797	0.335	0.911	
0.263	0.304	0.923	0.067	0.018	
0.901	0.134	0.038	0.287	0.908	
0.650	0.814	0.612	0.168	0.409	
0.770	0.999	0.859	0.169	0.798	
0.966	0.285	0.446	0.157	0.113	
0.696	0.935	0.511	0.814	0.979	
0.055	0.771	0.971	0.674	0.990	
0.945	0.107	0.717	0.678	0.235	
0.265	0.812	0.892	0.333	0.251	
0.837	0.871	0.898	0.972	0.542	
0.275	0.983	0.356	0.856	0.492	
0.332	0.249	0.077	0.073	0.794	
0.417	0.359	0.052	0.643	0.837	
0.921	0.279	0.917	0.572	0.899	
0.101	0.888	0.628	0.523	0.891	
0.302	0.090	0.301	0.620	0.363	
0.686	0.434	0.741	0.185	0.638	
0.411	0.919	0.031	0.152	0.024	
0.828	0.800	0.106	0.336	0.164	
0.925	0.265	0.810	0.360	0.535	
0.781	0.597	0.351	0.179	0.589	
0.242	0.171	0.218	0.081	0.413	
0.218	0.925	0.049	0.966	0.617	
0.253	0.716	0.479	0.913	0.657	
0.469	0.557	0.037	0.119	0.504	
0.536	0.449	0.934	0.251	0.060	
0.919	0.083	0.539	0.950	0.467	
0.509	0.692	0.219	0.021	0.158	
0.203	0.552	0.240	0.367	0.359	
0.243	0.069	0.217	0.660	0.388	
0.816	0.876	0.109	0.475	0.862	
0.514	0.812	0.229	0.122	0.550	
0.952	0.197	0.923	0.211	0.666	
0.685	0.682	0.606	0.374	0.184	
0.499	0.819	0.524	0.841	0.593	
0.448	0.563	0.256	0.990	0.724	
0.220	0.813	0.119	0.510	0.967	
0.886	0.616	0.739	0.801	0.824	
0.010	0.613	0.647	0.974	0.704	
0.733	0.716	0.526	0.766	0.795	
0.506	0.961	0.670	0.664	0.595	
0.063	0.989	0.965	0.896	0.628	
0.196	0.490	0.320	0.540	0.339	
0.550	0.949	0.507	0.933	0.969	
0.156	0.840	0.579	0.678	0.538	
0.149	0.860	0.246	0.530	0.459	
0.598	0.360	0.362	0.528	0.731	
0.492	0.812	0.970	0.628	0.336	
0.667	0.232	0.869	0.855	0.854	
0.773	0.068	0.296	0.166	0.585	
0.856	0.280	0.236	0.336	0.908	
0.601	0.308	0.136	0.865	0.571	
0.177	0.994	0.268	0.292	0.529	
0.258	0.452	0.685	0.566	0.482	
0.653	0.342	0.348	0.113	0.876	
0.604	0.243	0.770	0.937	0.841	
0.724	0.381	0.959	0.282	0.604	
0.093	0.069	0.999	0.473	0.041	
0.359	0.285	0.062	0.853	0.014	
0.890	0.521	0.741	0.978	0.169	
0.825	0.526	0.228	0.744	0.132	
0.899	0.277	0.054	0.304	0.508	
0.239	0.137	0.392	0.530	0.818	
0.709	0.206	0.439	0.515	0.368	
0.931	0.707	0.397	0.657	0.127	
0.113	0.604	0.981	0.977	0.327	
0.189	0.465	0.429	0.602	0.586	
0.989	0.429	0.464	0.894	0.886	
0.630	0.484	0.105	0.110	0.648	
0.578	0.665	0.196	0.887	0.777	
0.917	0.761	0.001	0.843	0.637	
0.061	0.799	0.142	0.546	0.910	
0.848	0.590	0.410	0.622	0.608	
0.653	0.287	0.420	0.170	0.132	
0.541	0.243	0.628	0.591	0.014	
0.706	0.554	0.021	0.066	0.314	
0.462	0.435	0.067	0.479	0.598	
0.056	0.808	0.993	0.933	0.702	
0.009	0.294	0.763	0.346	0.388	
0.857	0.514	0.096	0.698	0.871	
0.111	0.176	0.821	0.463	0.455	
0.326	0.934	0.364	0.038	0.005	
0.992	0.149	0.613	0.208	0.839	
0.296	0.647	0.276	0.221	0.796	
0.773	0.324	0.472	0.260	0.429	
0.067	0.807	0.128	0.559	0.773	
0.190	0.982	0.061	0.322	0.313	
0.822	0.860	0.639	0.303	0.408	
0.532	0.772	0.137	0.930	0.685	
0.822	0.502	0.916	0.321	0.050	
0.386	0.537	0.072	0.099	0.922	
0.194	0.759	0.141	0.142	0.503	
0.074	0.725	0.736	0.597	0.460	
0.377	0.475	0.278	0.154	0.473	
0.145	0.360	0.900	0.747	0.386	
0.787	0.400	0.162	0.508	0.874	
0.047	0.987	0.417	0.699	0.465	
0.246	0.465	0.862	0.936	0.347	
0.582	0.485	0.829	0.264	0.172	
0.872	0.391	0.543	0.897	0.423	
0.341	0.408	0.447	0.002	0.399	
0.119	0.951	0.400	0.457	0.947	
0.295	0.279	0.205	0.156	0.492	
0.240	0.907	0.333	0.288	0.504	
0.085	0.735	0.257	0.051	0.804	
0.951	0.453	0.744	0.987	0.668	
0.449	0.762	0.051	0.926	0.753	
0.709	0.212	0.207	0.225	0.340	
0.132	0.574	0.432	0.262	0.847	
0.228	0.778	0.460	0.220	0.419	
0.646	0.556	0.229	0.974	0.579	
0.358	0.521	0.250	0.691	0.907	
0.985	0.193	0.231	0.608	0.163	
0.705	0.773	0.894	0.645	0.012	
0.129	0.873	0.068	0.085	0.439	
0.179	0.028	0.077	0.225	0.594	
0.932	0.495	0.297	0.761	0.464	
0.569	0.820	0.319	0.590	0.004	
0.439	0.562	0.214	0.211	0.259	
0.506	0.347	0.824	0.668	0.200	
0.701	0.235	0.627	0.487	0.151	
0.260	0.468	0.510	0.009	0.538	
0.202	0.660	0.687	0.468	0.913	
0.630	0.018	0.397	0.903	0.199	
0.426	0.070	0.976	0.811	0.427	
0.638	0.441	0.599	0.287	0.919	
0.560	0.568	0.216	0.056	0.730	
0.835	0.610	0.293	0.551	0.939	
0.802	0.922	0.686	0.805	0.012	
0.586	0.402	0.784	0.622	0.064	
0.748	0.536	0.750	0.640	0.134	
0.019	0.571	0.756	0.316	0.650	
0.175	0.958	0.070	0.736	0.280	
0.973	0.882	0.456	0.911	0.045	
0.615	0.613	0.282	0.135	0.678	
0.534	0.227	0.172	0.294	0.619	
0.870	0.843	0.971	0.269	0.385	
0.609	0.146	0.320	0.450	0.862	
0.727	0.837	0.640	0.895	0.187	
0.309	0.404	0.670	0.334	0.359	
0.231	0.490	0.003	0.194	0.906	
0.565	0.481	0.255	0.524	0.873	
0.251	0.306	0.455	0.923	0.339	
0.318	0.176	0.549	0.971	0.569	
0.212	0.122	0.443	0.685	0.384	
0.123	0.279	0.941	0.773	0.969	
0.746	0.917	0.769	0.746	0.619	
0.537	0.516	0.346	0.047	0.292	
0.970	0.771	0.479	0.293	0.515	
0.714	0.197	0.209	0.803	0.185	
0.125	0.729	0.561	0.613	0.314	
0.720	0.257	0.575	0.369	0.049	
0.134	0.208	0.233	0.903	0.480	
0.826	0.162	0.407	0.624	0.120	
0.966	0.747	0.786	0.444	0.483	
0.561	0.944	0.073	0.070	0.403	
0.022	0.366	0.404	0.920	0.612	
0.709	0.537	0.843	0.139	0.710	
0.354	0.939	0.422	0.171	0.004	
0.024	0.693	0.849	0.032	0.153	
0.254	0.136	0.732	0.782	0.103	
0.364	0.157	0.001	0.605	0.184	
0.414	0.436	0.659	0.695	0.195	
0.786	0.062	0.899	0.456	0.133	
0.313	0.375	0.471	0.867	0.830	
0.014	0.003	0.341	0.119	0.403	
0.364	0.072	0.465	0.219	0.608	
0.930	0.745	0.225	0.417	0.923	
0.475	0.944	0.683	0.577	0.041	
0.563	0.952	0.304	0.174	0.010	
0.690	0.508	0.913	0.750	0.889	
0.065	0.267	0.563	0.495	0.433	
0.412	0.584	0.682	0.709	0.470	
0.752	0.081	0.653	0.632	0.834	
0.758	0.725	0.446	0.443	0.805	
0.463	0.721	0.978	0.765	0.747	
0.440	0.846	0.686	0.991	0.010	
0.488	0.783	0.510	0.139	0.178	
0.664	0.572	0.785	0.089	0.717	
0.219	0.238	0.134	0.237	0.101	
0.231	0.326	0.409	0.263	0.250	
0.662	0.227	0.759	0.879	0.577	
0.484	0.054	0.356	0.255	0.748	
0.799	0.593	0.992	0.251	0.514	
0.947	0.417	0.531	0.603	0.431	
0.316	0.183	0.193	0.142	0.236	
0.962	0.099	0.188	0.263	0.386	
0.490	0.430	0.243	0.228	0.688	
0.189	0.518	0.888	0.664	0.717	
0.155	0.254	0.486	0.286	0.903	
0.055	0.941	0.094	0.865	0.269	
0.227	0.220	0.999	0.864	0.172	
0.796	0.516	0.651	0.889	0.295	
0.535	0.468	0.592	0.032	0.546	
0.107	0.706	0.348	0.460	0.006	
0.323	0.666	0.333	0.204	0.096	
0.184	0.329	0.971	0.439	0.446	
0.448	0.300	0.968	0.851	0.023	
0.839	0.211	0.601	0.143	0.083	
0.813	0.540	0.204	0.711	0.833	
0.588	0.153	0.082	0.807	0.871	
0.612	0.123	0.426	0.823	0.779	
0.921	0.031	0.013	0.149	0.958	
0.304	0.049	0.746	0.212	0.723	
0.927	0.388	0.321	0.958	0.954	
0.623	0.541	0.589	0.394	0.199	
0.240	0.510	0.425	0.176	0.153	
0.317	0.821	0.481	0.142	0.399	
0.554	0.756	0.128	0.095	0.451	
0.890	0.807	0.185	0.129	0.189	
1.000	0.615	0.316	0.633	0.348	
0.643	0.657	0.631	0.718	0.295	
0.302	0.944	0.682	0.380	0.366	
0.275	0.884	0.054	0.507	0.414	
0.243	0.561	0.083	0.534	0.928	
0.773	0.005	0.610	0.311	0.966	
0.910	0.871	0.099	0.897	0.296	
0.828	0.045	0.809	0.878	0.432	
0.768	0.974	0.728	0.156	0.993	
0.673	0.595	0.168	0.677	0.885	
0.646	0.575	0.818	0.223	0.090	
0.743	0.217	0.736	0.052	0.815	
0.612	0.822	0.840	0.863	0.535	
0.970	0.954	0.223	0.373	0.602	
0.290	0.886	0.830	0.529	0.597	
0.985	0.265	0.311	0.838	0.030	
0.788	0.558	0.496	0.354	0.088	
0.032	0.236	0.362	0.326	0.874	
0.822	0.436	0.276	0.142	0.882	
0.145	0.199	0.559	0.008	0.408	
0.284	0.330	0.648	0.097	0.221	
0.017	0.323	0.869	0.002	0.712	
0.981	0.374	0.726	0.941	0.790	
0.386	0.563	0.721	0.653	0.825	
0.755	0.664	0.365	0.194	0.006	
0.556	0.182	0.431	0.376	0.968	
0.943	0.442	0.836	0.318	0.808	
0.832	0.555	0.564	0.702	0.468	
0.516	0.709	0.500	0.119	0.158	
0.071	0.082	0.136	0.326	0.963	
0.768	0.183	0.040	0.465	0.842	
0.494	0.330	0.290	0.170	0.185	
0.768	0.305	0.300	0.243	0.465	
0.665	0.226	0.822	0.632	0.315	
0.481	0.585	0.327	0.863	0.987	
0.480	0.325	0.729	0.164	0.062	
0.852	0.141	0.206	0.784	0.174	
0.137	0.535	0.074	0.343	0.606	
0.732	0.931	0.387	0.987	0.931	
0.382	0.638	0.132	0.677	0.746	
0.353	0.972	0.264	0.111	0.626	
0.977	0.256	0.291	0.705	0.959	
0.255	0.947	0.784	0.578	0.036	
0.374	0.913	0.257	0.534	0.283	
0.588	0.691	0.955	0.569	0.129	
0.613	0.064	0.752	0.361	0.503	
0.069	0.439	0.459	0.103	0.597	
0.194	0.422	0.205	0.139	0.763	
0.622	0.818	0.808	0.018	0.042	
0.976	0.818	0.858	0.318	0.318	
0.885	0.771	0.174	0.677	0.914	
0.513	0.161	0.514	0.432	0.555	
0.051	0.152	0.942	0.337	0.437	
0.139	0.680	0.560	0.994	0.397	
0.095	0.398	0.216	0.965	0.703	
0.920	0.781	0.892	0.215	0.100	
0.903	0.238	0.928	0.948	0.018	
0.287	0.517	0.766	0.159	0.055	
0.742	0.645	0.145	0.366	0.527	
0.420	0.592	0.315	0.122	0.196	
0.927	0.643	0.218	0.415	0.647	
0.842	0.226	0.659	0.627	0.996	
0.394	0.355	0.377	0.813	0.406	
0.007	0.576	0.810	0.018	0.547	
0.541	0.245	0.872	0.202	0.169	
0.755	0.998	0.550	0.056	0.078	
0.554	0.232	0.588	0.104	0.509	
0.884	0.551	0.135	0.612	0.279	
0.940	0.956	0.142	0.508	0.201	
0.400	0.272	0.164	0.358	0.665	
0.594	0.259	0.044	0.641	0.694	
0.055	0.114	0.906	0.763	0.291	
0.091	0.048	0.348	0.055	0.438	
0.213	0.869	0.611	0.007	0.735	
0.413	0.452	0.353	0.953	0.952	
0.986	0.828	0.560	0.474	0.700	
0.884	0.644	0.293	0.787	0.463	
0.185	0.240	0.049	0.071	0.671	
0.682	0.524	0.605	0.545	0.528	
0.504	0.788	0.556	0.249	0.414	
0.444	0.603	0.884	0.965	0.710	
0.967	0.257	0.178	0.510	0.815	
0.065	0.834	0.092	0.609	0.567	
0.443	0.803	0.528	0.934	0.425	
0.313	0.362	0.593	0.291	0.809	
0.568	0.388	0.243	0.008	0.019	
0.571	0.382	0.965	0.885	0.819	
0.810	0.200	0.177	0.896	0.742	
0.437	0.521	0.137	0.246	0.369	
0.162	0.012	0.254	0.719	0.936	
0.400	0.313	0.242	0.395	0.873	
0.222	0.919	0.080	0.890	0.766	
0.080	0.283	0.768	0.377	0.544	
0.697	0.846	0.241	0.405	0.431	
0.549	0.809	0.998	0.025	0.000	
0.121	0.198	0.418	0.588	0.649	
0.308	0.353	0.873	0.253	0.492	
0.099	0.197	0.507	0.276	0.113	
0.354	0.937	0.491	0.311	0.888	
0.712	0.140	0.222	0.368	0.041	
0.814	0.835	0.131	0.287	0.092	
0.960	0.369	0.142	0.381	0.122	
0.723	0.573	0.614	0.412	0.143	
0.792	0.457	0.490	0.831	0.557	
0.624	0.872	0.364	0.617	0.714	
0.678	0.710	0.933	0.040	0.752	
0.056	0.037	0.466	0.926	0.736	
0.738	0.851	0.841	0.349	0.307	
0.740	0.018	0.445	0.556	0.730	
0.064	0.127	0.695	0.174	0.035	
0.430	0.289	0.328	0.289	0.758	
0.798	0.666	0.361	0.356	0.222	
0.517	0.300	0.032	0.815	0.983	
0.555	0.170	0.682	0.079	0.665	
0.762	0.316	0.797	0.128	0.335	
0.544	0.075	0.859	0.916	0.012	
0.349	0.577	0.818	0.235	0.756	
0.005	0.651	0.943	0.181	0.568	
0.385	0.160	0.270	0.642	0.978	
0.702	0.648	0.428	0.395	0.520	
0.052	0.836	0.258	0.022	0.081	
0.712	0.510	0.055	0.002	0.793	
0.015	0.418	0.175	0.654	0.132	
0.141	0.762	0.173	0.005	0.853	
0.522	0.287	0.559	0.614	0.926	
0.058	0.774	0.047	0.624	0.034	
0.020	0.857	0.123	0.998	0.931	
0.403	0.164	0.102	0.615	0.243	
0.478	0.939	0.329	0.047	0.348	
0.873	0.712	0.028	0.052	0.644	
0.874	0.381	0.771	0.486	0.032	
0.978	0.135	0.025	0.149	0.309	
0.346	0.952	0.386	0.551	0.536	
0.479	0.846	0.607	0.785	0.268	
0.051	0.144	0.953	0.208	0.648	
0.516	0.073	0.582	0.948	0.923	
0.749	0.898	0.315	0.688	0.067	
0.471	0.572	0.461	0.452	0.557	
0.557	0.318	0.347	0.192	0.334	
0.985	0.120	0.399	0.691	0.357	
0.639	0.447	0.104	0.721	0.125	
0.483	0.457	0.797	0.965	0.507	
0.563	0.564	0.698	0.752	0.788	
0.634	0.039	0.359	0.202	0.494	
0.726	0.208	0.094	0.911	0.412	
0.697	0.850	0.487	0.523	0.059	
0.276	0.617	0.441	0.360	0.185	
0.200	0.562	0.900	0.433	0.432	
0.213	0.259	0.958	0.831	0.349	
0.224	0.437	0.780	0.637	0.136	
0.633	0.875	0.517	0.298	0.363	
0.830	0.663	0.362	0.939	0.284	
0.894	0.897	0.532	0.076	0.350	
0.305	0.740	0.921	0.439	0.410	
0.602	0.579	0.566	0.358	0.093	
0.333	0.576	0.612	0.049	0.867	
0.187	0.125	0.584	0.165	0.379	
0.085	0.365	0.009	0.880	0.459	
0.641	0.461	0.023	0.829	0.634	
0.693	0.599	0.739	0.016	0.648	
0.825	0.731	0.769	0.949	0.508	
0.291	0.628	0.134	0.984	0.745	
0.298	0.353	0.059	0.824	0.253	
0.436	0.509	0.246	0.716	0.612	
0.141	0.183	0.423	0.763	0.778	
0.849	0.796	0.409	0.584	0.042	
0.949	0.478	0.065	0.123	0.889	
0.772	0.525	0.912	0.942	0.576	
0.119	0.293	0.268	0.318	0.459	
0.038	0.260	0.052	0.785	0.897	
0.190	0.154	0.974	0.699	0.346	
0.666	0.647	0.060	0.736	0.766	
0.562	0.222	0.042	0.169	0.179	
0.060	0.791	0.506	0.794	0.399	
0.249	0.194	0.931	0.715	0.951	
0.028	0.449	0.064	0.432	0.183	
0.150	0.349	0.849	0.276	0.387	
0.257	0.023	0.954	0.710	0.713	
0.734	0.118	0.544	0.327	0.925	
0.362	0.553	0.367	0.430	0.588	
0.196	0.620	0.603	0.747	0.841	
0.305	0.699	0.312	0.090	0.643	
0.693	0.350	0.023	0.032	0.002	
0.104	0.498	0.842	0.254	0.698	
0.238	0.139	0.364	0.810	0.053	
0.574	0.329	0.969	0.110	0.723	
0.751	0.752	0.342	0.540	0.457	
0.999	0.826	0.244	0.385	0.152	
0.524	0.112	0.456	0.014	0.496	
0.754	0.733	0.273	0.350	0.033	
0.584	0.257	0.707	0.838	0.444	
0.278	0.063	0.290	0.842	0.479	
0.455	0.927	0.937	0.119	0.581	
0.895	0.009	0.536	0.581	0.351	
0.765	0.569	0.904	0.665	0.654	
0.881	0.657	0.973	0.609	0.296	
0.266	0.678	0.268	0.244	0.296	
0.825	0.405	0.421	0.875	0.104	
0.817	0.708	0.804	0.802	0.759	
0.543	0.552	0.349	0.842	0.097	
0.760	0.664	0.054	0.767	0.906	
0.989	0.463	0.542	0.620	0.873	
0.642	0.415	0.738	0.662	0.747	
0.124	0.136	0.360	0.038	0.343	
0.659	0.693	0.041	0.254	0.005	
0.905	0.850	0.898	0.748	0.892	
0.193	0.431	0.990	0.423	0.624	
0.264	0.530	0.582	0.549	0.701	
0.269	0.061	0.837	0.761	0.158	
0.015	0.763	0.548	0.754	0.638	
0.702	0.451	0.094	0.904	0.329	
0.675	0.631	0.143	0.642	0.460	
0.881	0.993	0.919	0.605	0.581	
0.578	0.977	0.504	0.733	0.361	
0.588	0.606	0.400	0.641	0.208	
0.599	0.393	0.350	0.676	0.230	
0.219	0.755	0.106	0.432	0.312	
0.438	0.071	0.818	0.043	0.686	
0.553	0.078	0.816	0.340	0.681	
0.455	0.437	0.120	0.950	0.416	
0.370	0.198	0.078	0.409	0.483	
0.697	0.988	0.591	0.891	0.604	
0.813	0.100	0.956	0.907	0.803	
0.177	0.579	0.923	0.125	0.140	
0.857	0.553	0.317	0.991	0.389	
0.527	0.991	0.158	0.511	0.611	
0.177	0.759	0.784	0.626	0.406	
0.655	0.151	0.525	0.509	0.261	
0.492	0.895	0.918	0.546	0.696	
0.525	0.499	0.349	0.292	0.928	
0.446	0.962	0.439	0.805	0.193	
0.440	0.294	0.782	0.077	0.042	
0.838	0.082	0.631	0.112	0.918	
0.182	0.410	0.212	0.278	0.678	
0.230	0.631	0.197	0.694	0.895	
0.115	0.512	0.798	0.950	0.233	
0.209	0.081	0.469	0.773	0.486	
0.676	0.153	0.514	0.488	0.473	
0.741	0.314	0.231	0.583	0.262	
0.264	0.721	0.852	0.801	0.410	
0.987	0.551	0.342	0.695	0.237	
0.881	0.970	0.032	0.707	0.763	
0.141	0.268	0.589	0.569	0.097	
0.852	0.048	0.850	0.654	0.461	
0.558	0.411	0.868	0.691	0.679	
0.289	0.502	0.457	0.014	0.145	
0.481	0.091	0.186	0.092	0.941	
0.493	0.900	0.676	0.109	0.824	
0.106	0.665	0.834	0.011	0.183	
0.903	0.362	0.893	0.583	0.975	
0.219	0.394	0.786	0.265	0.507	
0.459	0.156	0.603	0.296	0.388	
0.070	0.355	0.598	0.939	0.035	
0.603	0.754	0.558	0.914	0.489	
0.155	0.267	0.679	0.242	0.164	
0.625	0.603	0.184	0.220	0.133	
0.898	0.162	0.626	0.075	0.125	
0.493	0.247	0.057	0.338	0.738	
0.342	0.763	0.634	0.335	0.951	
0.398	0.155	0.770	0.019	0.278	
0.760	0.709	0.363	0.842	0.321	
0.233	0.160	0.191	0.381	0.966	
0.909	0.546	0.958	0.650	0.728	
0.592	0.964	0.604	0.084	0.206	
0.599	0.788	0.895	0.730	0.446	
0.904	0.837	0.921	0.931	0.465	
0.412	0.803	0.254	0.224	0.352	
0.204	0.977	0.346	0.533	0.529	
0.643	0.973	0.132	0.139	0.553	
0.868	0.437	0.605	0.505	0.494	
0.318	0.849	0.088	0.813	0.348	
0.906	0.109	0.617	0.969	0.029	
0.183	0.844	0.848	0.436	0.265	
0.573	0.826	0.511	0.175	0.724	
0.527	0.999	0.579	0.712	0.281	
0.940	0.806	0.382	0.541	0.795	
0.220	0.952	0.902	0.281	0.568	
0.955	0.818	0.959	0.778	0.378	
0.466	0.172	0.809	0.003	0.644	
0.394	0.420	0.858	0.614	0.062	
0.053	0.223	0.964	0.698	0.098	
0.897	0.187	0.532	0.780	0.951	
0.291	0.658	0.191	0.651	0.718	
0.673	0.039	0.434	0.621	0.180	
0.405	0.653	0.561	0.662	0.474	
0.776	0.615	0.013	0.183	0.043	
0.619	0.602	0.589	0.504	0.562	
0.761	0.251	0.564	0.895	0.915	
0.384	0.338	0.599	0.973	0.813	
0.610	0.147	0.529	0.868	0.778	
0.407	0.674	0.570	0.443	0.201	
0.621	0.375	0.194	0.536	0.135	
0.936	0.968	0.885	0.036	0.907	
0.320	0.592	0.678	0.904	0.062	
0.892	0.905	0.753	0.402	0.998	
0.978	0.991	0.220	0.273	0.155	
0.241	0.819	0.647	0.908	0.684	
0.717	0.554	0.597	0.242	0.169	
0.573	0.659	0.833	0.023	0.479	
0.586	0.197	0.975	0.835	0.620	
0.927	0.255	0.713	0.538	0.588	
0.027	0.662	0.759	0.316	0.904	
0.821	0.598	0.295	0.966	0.363	
0.308	0.052	0.013	0.429	0.735	
0.395	0.703	0.070	0.443	0.965	
0.650	0.039	0.864	0.410	0.951	
0.329	0.461	0.958	0.252	0.420	
0.221	0.353	0.942	0.321	0.665	
0.541	0.168	0.507	0.774	0.870	
0.590	0.390	0.058	0.829	0.546	
0.333	0.565	0.884	0.291	0.467	
0.298	0.462	0.118	0.367	0.675	
0.720	0.438	0.739	0.239	0.280	
0.430	0.788	0.192	0.493	0.718	
0.662	0.955	0.600	0.188	0.062	
0.138	0.186	0.152	0.499	0.352	
0.578	0.746	0.043	0.277	0.608	
0.023	0.218	0.013	0.140	0.791	
0.565	0.750	0.828	0.003	0.586	
0.568	0.319	0.712	0.732	0.404	
0.239	0.559	0.476	0.968	0.587	
0.522	0.607	0.683	0.444	0.079	
0.449	0.978	0.576	0.109	0.970	
0.610	0.881	0.235	0.694	0.862	
0.469	0.480	0.761	0.315	0.423	
0.396	0.124	0.220	0.475	0.616	
0.579	0.469	0.055	0.273	0.129	
0.768	0.467	0.167	0.639	0.413	
0.337	0.778	0.446	0.929	0.096	
0.271	0.067	0.580	0.191	0.444	
0.099	0.237	0.115	0.824	0.770	
0.504	0.203	0.839	0.820	0.054	
0.440	0.044	0.030	0.742	0.671	
0.532	0.647	0.013	0.699	0.542	
0.338	0.655	0.503	0.419	0.370	
0.242	0.646	0.491	0.653	0.892	
0.921	0.381	0.655	0.562	0.140	
0.425	0.025	0.531	0.458	0.236	
0.820	0.154	0.940	0.871	1.000	
0.122	0.943	0.510	0.726	0.028	
0.421	0.927	0.299	0.523	0.718	
0.582	0.553	0.685	0.345	0.479	
0.673	0.381	0.584	0.234	0.285	
0.104	0.159	0.743	0.549	0.589	
0.137	0.287	0.671	0.121	0.285	
0.728	0.204	0.896	0.652	0.660	
0.093	0.806	0.308	0.412	0.248	
1.000	0.071	0.328	0.854	0.321	
0.865	0.788	0.910	0.647	0.683	
0.867	0.269	0.749	0.714	0.394	
0.739	0.614	0.074	0.368	0.328	
0.619	0.887	0.275	0.718	0.511	
0.225	0.831	0.024	0.614	0.885	
0.471	0.937	0.551	0.418	0.835	
0.410	0.028	0.154	0.850	0.523	
0.213	0.302	0.793	0.039	0.110	
0.317	0.621	0.934	0.149	0.867	
0.975	0.284	0.798	0.363	0.529	
0.135	0.777	0.436	0.486	0.456	
0.760	0.755	0.797	0.160	0.655	
0.967	0.956	0.675	0.285	0.422	
0.993	0.140	0.219	0.461	0.334	
0.089	0.912	0.190	0.376	0.449	
0.395	0.538	0.158	0.125	0.716	
0.140	0.391	0.764	0.868	0.454	
0.353	0.870	0.428	0.530	0.073	
0.083	0.333	0.768	0.775	0.229	
0.709	0.744	0.773	0.419	0.581	
0.746	0.640	0.239	0.813	0.995	
0.385	0.672	0.618	0.002	0.407	
0.886	0.369	0.630	0.582	0.884	
0.624	0.907	0.509	0.193	0.285	
0.396	0.446	0.042	0.588	0.449	
0.673	0.377	0.382	0.064	0.722	
0.921	0.156	0.717	0.830	0.771	
0.762	0.182	0.984	0.830	0.445	
0.361	0.235	0.245	0.677	0.638	
0.290	0.078	0.187	0.780	0.035	
0.368	0.392	0.355	0.859	0.825	
0.484	0.521	0.983	0.223	0.624	
0.491	0.633	0.172	0.962	0.525	
0.134	0.384	0.905	0.246	0.333	
0.829	0.323	0.413	0.249	0.028	
0.054	0.687	0.763	0.965	0.152	
0.394	0.158	0.440	0.231	0.287	
0.985	0.756	0.305	0.637	0.377	
0.276	0.738	0.497	0.616	0.038	
0.822	0.996	0.649	0.584	0.603	
0.247	0.424	0.815	0.883	0.973	
0.233	0.915	0.628	0.538	0.499	
0.765	0.677	0.586	0.246	0.215	
0.895	0.675	0.346	0.487	0.312	
0.388	0.256	0.663	0.730	0.583	
0.899	0.599	0.366	0.055	0.821	
0.772	0.225	0.466	0.387	0.717	
0.572	0.193	0.017	0.392	0.310	
0.410	0.818	0.325	0.989	0.020	
0.075	0.767	0.033	0.139	0.223	
0.630	0.594	0.763	0.832	0.043	
0.198	0.349	0.496	0.257	0.661	
0.722	0.611	0.146	0.189	0.355	
0.859	0.261	0.258	0.195	0.820	
0.908	0.312	0.348	0.090	0.759	
0.662	0.900	0.898	0.540	0.701	
0.250	0.870	0.798	0.160	0.050	
0.080	0.277	0.032	0.858	0.311	
0.936	0.822	0.572	0.402	0.098	
0.470	0.235	0.230	0.357	0.176	
0.869	0.494	0.438	0.972	0.760	
0.796	0.603	0.782	0.451	0.118	
0.072	0.464	0.399	0.350	0.786	
0.789	0.573	0.787	0.257	0.389	
0.026	0.028	0.837	0.644	0.038	
0.819	0.910	0.117	0.999	0.867	
0.297	0.116	0.089	0.583	0.178	
0.406	0.399	0.810	0.264	0.507	
0.489	0.775	0.469	0.286	0.908	
0.984	0.928	0.364	0.279	0.560	
0.118	0.231	0.491	0.879	0.753	
0.405	0.855	0.794	0.354	0.396	
0.793	0.518	0.648	0.612	0.583	
0.689	0.930	0.064	0.878	0.805	
0.645	0.423	0.978	0.829	0.908	
0.797	0.347	0.765	0.285	0.414	
0.055	0.323	0.645	0.470	0.504	
0.598	0.441	0.971	0.596	0.716	
0.470	0.746	0.386	0.862	0.066	
0.797	0.640	0.378	0.111	0.638	
0.163	0.079	0.865	0.505	0.795	
0.587	0.021	0.375	0.155	0.963	
0.884	0.198	0.638	0.927	0.047	
0.132	0.650	0.750	0.517	0.892	
0.289	0.686	0.767	0.168	0.482	
0.344	0.113	0.323	0.113	0.210	
0.326	0.390	0.130	0.451	0.171	
0.125	0.006	0.543	0.457	0.466	
0.791	0.221	0.079	0.824	0.180	
0.060	0.619	0.380	0.721	0.685	
0.317	0.265	0.901	0.312	0.773	
0.949	0.414	0.335	0.670	0.580	
0.477	0.917	0.689	0.172	0.663	
0.120	0.814	0.746	0.986	0.514	
0.820	0.371	0.795	0.207	0.972	
0.421	0.866	0.856	0.709	0.395	
0.698	0.988	0.442	0.630	0.849	
0.473	0.441	0.279	0.508	0.005	
0.192	0.797	0.471	0.952	0.972	
0.850	0.283	0.617	0.208	0.640	
0.753	0.670	0.326	0.986	0.329	
0.823	0.271	0.463	0.300	0.508	
0.135	0.827	0.665	0.388	0.680	
0.446	0.737	0.200	0.813	0.836	
0.197	0.538	0.347	0.761	0.845	
0.700	0.469	0.221	0.644	0.597	
0.594	0.393	0.410	0.887	0.563	
0.161	0.777	0.242	0.168	0.027	
0.703	0.079	0.695	0.169	0.995	
0.259	0.124	0.191	0.127	0.150	
0.814	0.395	0.565	0.042	0.159	
0.260	0.439	0.423	0.168	0.046	
0.030	0.295	0.273	0.805	0.057	
0.132	0.496	0.393	0.422	0.322	
0.546	0.074	0.662	0.022	0.802	
0.974	0.304	0.602	0.264	0.440	
0.030	0.798	0.476	0.551	0.565	
0.098	0.137	0.082	0.506	0.029	
0.280	0.849	0.747	0.705	0.158	
0.005	0.033	0.147	0.193	0.285	
0.820	0.589	0.863	0.710	0.784	
0.598	0.089	0.492	0.594	0.123	
0.357	0.917	0.138	0.766	0.181	
0.548	0.568	0.647	0.052	0.099	
0.350	0.200	0.137	0.502	0.957	
0.211	0.953	0.238	0.204	0.885	
0.813	0.008	0.780	0.317	0.673	
0.881	0.338	0.785	0.384	0.550	
0.569	0.435	0.454	0.930	0.931	
0.649	0.610	0.203	0.201	0.794	
0.080	0.908	0.988	0.399	0.007	
0.581	0.083	0.393	0.111	0.717	
0.751	0.707	0.210	0.554	0.923	
0.463	0.208	0.835	0.532	0.939	
0.365	0.446	0.258	0.019	0.441	
0.212	0.738	0.495	0.375	0.128	
0.560	0.128	0.488	0.135	0.106	
0.798	0.847	0.763	0.751	0.418	
0.130	0.950	0.852	0.611	0.204	
0.988	0.196	0.911	0.490	0.437	
0.872	0.708	0.826	0.666	0.520	
0.780	0.501	0.265	0.901	0.784	
0.236	0.630	0.360	0.299	0.621	
0.757	0.358	0.350	0.934	0.268	
0.297	0.346	0.095	0.067	0.658	
0.620	0.593	0.499	0.661	0.711	
0.473	0.594	0.591	0.892	0.930	
0.768	0.189	0.513	0.349	0.439	
0.524	0.413	0.816	0.150	0.832	
0.604	0.757	0.544	0.546	0.368	
0.603	0.412	0.829	0.726	0.399	
0.114	0.235	0.773	0.590	0.012	
0.312	0.752	0.552	0.345	0.712	
0.216	0.543	0.149	0.789	0.153	
0.601	0.804	0.566	0.664	0.886	
0.517	0.369	0.667	0.544	0.386	
0.819	0.909	0.649	0.399	0.721	
0.041	0.247	0.180	0.714	0.225	
0.039	0.724	0.195	0.838	0.746	
0.609	0.250	0.486	0.946	0.087	
0.389	0.877	0.002	0.982	0.784	
0.502	0.180	0.328	0.679	0.072	
0.988	0.593	0.876	0.788	0.273	
0.028	0.357	0.507	0.966	0.607	
0.293	0.664	0.843	0.067	0.213	
0.802	0.584	0.881	0.383	0.337	
0.041	0.989	0.472	0.398	0.227	
0.034	0.861	0.126	0.693	0.684	
0.740	0.214	0.107	0.931	0.376	
0.881	0.129	0.625	0.845	0.807	
0.666	0.605	0.563	0.750	0.348	
0.888	0.530	0.584	0.557	0.469	
0.319	0.202	0.985	0.388	0.248	
0.379	0.769	0.856	0.897	0.147	
0.229	0.881	0.122	0.800	0.628	
0.059	0.280	0.317	0.865	0.272	
0.000	0.324	0.915	0.018	0.839	
0.003	0.084	0.150	0.848	0.265	
0.005	0.228	0.547	0.456	0.859	
0.093	0.307	0.303	0.317	0.601	
0.812	0.760	0.832	0.535	0.666	
0.281	0.648	0.732	0.509	0.885	
0.446	0.435	0.709	0.204	0.314	
0.974	0.439	0.932	0.389	0.286	
0.462	0.553	0.581	0.545	0.417	
0.121	0.290	0.265	0.962	0.778	
0.632	0.585	0.356	0.826	0.566	
0.615	0.711	0.704	0.865	0.565	
0.151	0.761	0.562	0.803	0.452	
0.647	0.001	0.039	0.738	0.803	
0.042	0.341	0.538	0.969	0.227	
0.405	0.704	0.709	0.100	0.666	
0.937	0.028	0.644	0.320	0.295	
0.674	0.147	0.401	0.863	0.327	
0.437	0.894	0.650	0.483	0.420	
